50
10000
9 6
41 5
48 3
20 9
24 8
48 5
40 5
38 6
26 10
1 4
24 7
28 10
18 5
20 1
18 1
13 3
24 9
2 5
47 6
37 8
9 10
40 7
19 3
46 7
9 5
13 5
34 6
39 7
48 8
30 8
49 10
15 3
3 3
21 1
9 6
8 3
19 8
38 7
21 3
29 5
30 3
19 7
45 9
25 1
25 6
3 5
7 4
29 5
40 7
24 1
2 9
26 5
24 6
15 1
2 7
2 9
8 10
2 10
6 1
11 7
47 3
49 6
45 7
40 9
12 10
32 5
44 2
45 2
28 10
40 3
36 8
35 7
49 7
5 6
40 1
30 3
46 2
13 5
40 4
45 1
23 10
12 7
25 1
30 7
8 8
27 10
15 9
37 3
15 5
16 3
19 7
48 10
41 3
46 9
4 3
34 5
7 2
22 9
34 7
25 10
42 5
21 7
20 7
29 10
33 5
49 3
5 2
37 6
20 2
30 8
35 1
26 5
3 8
1 6
34 5
21 9
45 4
5 8
34 7
11 10
3 6
17 4
10 8
2 8
8 6
42 8
3 2
19 2
4 8
16 4
41 2
31 4
19 3
47 8
43 5
11 10
12 6
25 1
17 6
6 6
34 8
18 6
9 10
40 4
8 9
43 3
39 5
37 1
36 9
5 5
23 2
37 10
48 4
5 4
30 6
42 8
47 2
25 10
14 2
6 2
43 8
25 8
48 10
10 8
37 2
36 7
46 8
37 9
19 6
38 1
3 7
47 9
13 10
40 10
28 7
36 9
15 3
42 9
27 8
18 7
50 2
21 4
27 9
27 5
6 10
47 8
47 4
19 1
2 5
17 6
15 7
34 9
10 6
8 10
20 3
8 2
23 3
5 8
47 2
45 4
5 7
14 7
39 4
34 1
42 7
41 10
43 4
44 8
18 4
33 1
7 8
21 2
37 7
11 5
26 8
27 8
18 4
38 4
13 8
33 3
24 9
39 8
47 7
45 2
5 1
48 3
21 5
42 5
50 5
39 7
2 4
19 3
49 10
42 3
3 4
47 2
45 4
1 6
19 2
50 5
32 8
1 10
15 9
49 7
32 7
33 4
49 7
15 8
7 2
44 5
32 9
4 10
6 7
12 1
1 4
30 10
34 6
34 4
31 7
38 8
12 4
36 1
13 7
31 7
19 10
11 8
22 8
11 5
9 7
17 1
6 4
35 5
32 8
34 4
43 3
27 4
2 1
47 8
25 6
1 5
31 10
15 6
21 8
33 3
29 9
6 10
17 7
12 8
16 1
30 4
33 6
14 1
1 6
14 9
18 9
34 2
13 5
45 9
41 1
18 8
24 10
17 6
6 2
34 1
13 6
32 4
15 8
25 9
31 3
12 4
32 2
1 3
14 5
32 5
15 5
39 9
40 2
29 5
41 5
17 4
37 8
45 2
23 10
15 7
44 4
8 1
7 6
49 8
46 3
2 6
50 8
13 8
10 2
49 9
33 9
9 1
4 8
34 4
33 4
33 3
19 3
18 2
50 4
40 1
47 8
26 4
34 4
22 1
4 9
16 10
10 8
19 6
17 8
41 1
17 3
40 2
50 3
35 7
47 5
28 5
50 4
2 1
45 4
4 3
8 6
42 2
22 7
14 7
48 7
39 8
23 2
8 10
36 3
44 3
26 10
14 10
3 5
45 9
47 6
16 2
32 10
5 10
19 6
9 10
25 3
29 3
13 10
20 10
45 7
11 4
44 1
43 9
10 8
40 9
3 1
37 7
5 8
43 8
22 6
12 5
10 6
35 1
24 10
2 3
15 8
28 10
21 9
3 2
40 3
22 5
37 1
26 9
6 1
36 7
40 8
27 5
16 3
1 6
41 4
48 3
21 10
36 7
34 9
29 8
20 3
35 3
19 2
36 10
5 3
30 6
17 1
20 10
14 9
8 6
42 5
42 3
25 7
32 7
31 10
18 9
15 7
21 7
8 3
17 3
6 5
31 5
33 4
33 8
8 10
37 7
33 5
45 5
23 7
45 8
24 4
42 3
35 6
45 3
33 5
11 4
15 9
1 6
40 3
4 7
40 1
43 9
49 9
47 5
48 2
14 2
50 1
20 2
16 9
40 1
12 4
25 2
11 3
40 6
7 5
33 5
22 6
31 2
38 7
2 4
24 3
5 5
49 5
1 2
16 5
45 3
9 10
6 1
5 8
36 10
42 5
14 3
17 5
43 1
2 8
7 2
37 6
14 9
11 8
23 10
5 7
30 4
49 2
34 6
17 1
5 4
3 8
19 2
43 1
41 6
50 3
3 5
50 2
50 1
47 5
25 3
12 6
24 6
6 4
14 6
33 10
29 9
37 9
31 8
38 5
28 8
8 9
28 5
9 2
28 1
7 3
4 5
35 6
20 9
40 3
31 4
41 9
13 5
43 5
31 2
8 6
49 8
38 5
45 2
29 6
12 8
23 4
36 5
24 8
38 5
1 2
45 3
2 7
44 2
27 5
8 10
31 3
48 10
23 7
15 1
48 8
11 9
34 3
26 7
17 8
42 10
20 4
31 5
28 4
1 6
23 4
12 8
20 4
46 2
31 8
24 1
20 2
44 5
13 2
4 9
17 8
27 10
20 2
7 3
1 7
44 3
45 7
39 4
8 7
42 8
1 7
40 6
4 10
7 5
4 7
32 1
21 9
12 3
23 1
38 7
40 6
41 7
17 8
50 10
32 5
44 6
43 3
6 9
14 5
45 3
5 2
16 7
23 4
16 7
41 6
47 9
1 3
9 9
23 8
46 2
48 6
27 9
17 3
9 2
47 6
9 2
32 4
21 6
23 9
45 4
4 1
36 3
41 9
21 7
31 2
40 1
32 1
3 7
22 4
20 1
5 7
49 9
37 5
41 6
41 2
25 7
9 3
4 1
7 3
17 4
45 9
25 5
11 5
23 2
10 3
14 4
10 3
41 10
10 8
34 10
30 4
6 8
27 1
44 9
30 5
46 3
9 10
37 3
3 1
36 10
1 3
31 1
3 4
6 6
29 9
1 9
2 1
49 5
33 8
24 3
44 3
17 6
13 4
8 10
10 10
48 7
36 7
39 1
44 8
11 5
4 5
19 9
17 8
10 2
48 7
45 5
1 10
20 3
39 8
49 10
35 2
2 1
8 3
35 6
49 8
1 9
3 7
30 6
40 10
7 9
21 5
16 1
29 8
4 8
7 1
47 9
4 4
41 2
18 8
42 1
49 5
31 5
26 6
37 2
23 10
20 6
1 3
25 10
37 6
32 5
2 1
18 1
45 6
13 8
46 7
31 10
2 9
1 3
12 9
19 5
19 3
24 5
5 1
7 8
22 1
8 1
45 7
6 10
5 7
50 5
28 5
12 10
46 5
23 4
2 5
34 10
21 8
5 1
38 2
36 5
49 6
35 8
17 1
34 5
3 3
12 5
24 7
31 1
24 5
22 2
26 9
19 4
6 10
41 6
8 6
5 3
24 2
40 3
44 1
2 6
9 9
16 7
40 8
6 9
16 3
15 2
14 7
4 3
22 7
26 8
27 4
29 4
18 10
17 10
28 4
22 6
31 10
10 3
25 7
35 1
21 6
14 10
17 4
34 6
49 6
13 5
43 6
20 6
25 1
32 8
20 9
34 3
11 9
4 7
27 8
44 6
43 7
30 4
39 2
44 5
11 10
1 5
21 1
5 3
41 7
50 1
28 8
7 2
46 9
35 3
16 10
38 10
38 1
30 4
6 7
34 6
30 4
48 10
18 4
14 6
31 1
46 5
24 8
36 3
38 4
35 1
12 4
16 6
31 9
12 10
26 8
15 5
34 3
11 4
22 5
32 9
15 6
23 9
23 1
45 3
37 3
49 8
24 7
39 8
34 9
1 7
46 8
24 10
17 4
35 9
11 7
30 6
47 3
11 5
38 4
23 8
2 5
28 9
49 8
11 10
28 3
36 4
33 5
45 4
46 2
36 3
49 6
12 9
37 1
39 10
39 5
31 3
39 1
26 6
2 4
50 6
17 10
47 3
25 9
22 3
38 8
49 3
17 5
43 4
10 3
42 1
28 7
45 2
45 8
20 2
30 10
35 4
3 2
26 5
10 7
29 4
19 9
26 7
2 8
14 5
35 6
36 4
1 9
34 4
22 3
15 9
26 9
3 4
47 2
32 6
48 1
17 10
13 3
28 5
44 6
45 8
10 8
50 8
14 1
32 9
16 5
12 9
11 8
43 8
7 5
44 8
34 10
48 7
13 3
12 9
1 10
39 5
25 4
4 8
16 2
16 7
4 5
7 2
46 9
30 2
1 8
9 1
1 3
44 1
3 8
30 5
21 9
17 5
36 2
31 5
8 6
21 10
42 10
40 6
30 5
8 7
8 4
30 3
17 5
28 2
1 7
11 7
16 6
37 6
36 6
28 2
44 4
15 6
23 4
46 3
11 5
9 3
20 3
9 5
22 9
8 10
44 7
12 9
23 5
14 7
40 1
33 5
14 8
27 1
31 6
6 4
27 2
34 2
41 4
42 5
6 4
15 10
24 8
35 4
31 7
10 3
32 8
14 3
43 5
26 1
16 3
29 7
33 3
6 6
48 1
2 10
48 7
30 1
17 1
12 10
46 3
16 6
30 2
34 4
45 6
46 5
15 2
15 1
9 7
45 9
37 4
8 3
30 6
3 5
22 6
34 7
14 2
45 8
26 2
34 10
20 4
35 7
2 2
30 1
13 9
50 1
9 6
38 10
2 10
27 1
21 4
39 7
16 8
29 10
45 10
33 1
3 4
48 1
21 4
18 7
14 1
14 6
34 6
1 1
17 7
7 5
1 1
7 10
18 5
24 7
49 10
42 1
36 1
20 7
17 5
29 9
30 4
23 9
16 1
16 2
35 9
24 9
4 8
48 6
26 5
33 7
38 10
39 8
39 10
48 9
26 3
15 10
32 4
27 4
14 2
47 7
47 7
20 3
38 6
35 5
45 8
36 5
13 7
42 4
29 9
5 9
32 1
20 1
48 5
5 10
24 5
21 8
19 2
19 3
48 4
14 9
37 7
21 5
48 8
18 1
18 3
11 7
42 5
30 10
38 8
44 7
11 4
7 9
49 6
38 7
20 7
48 5
32 2
44 3
50 6
40 9
25 1
14 9
31 3
29 10
33 6
11 4
45 8
19 5
42 3
20 2
37 7
42 7
27 8
18 1
31 10
49 9
40 10
5 8
47 2
46 5
3 1
17 5
12 7
20 4
2 8
6 4
23 7
14 8
43 7
36 7
5 10
23 1
17 3
37 8
36 9
2 7
49 1
20 3
21 8
28 6
40 3
12 2
36 9
41 5
4 5
16 7
41 8
10 5
21 5
10 8
36 2
50 4
33 7
20 6
50 8
46 9
2 7
36 1
21 2
46 2
34 7
44 3
9 1
46 3
30 1
17 1
33 3
16 2
45 3
46 5
29 4
15 5
2 3
34 7
10 2
15 3
47 8
46 10
16 5
49 5
11 1
45 10
3 1
42 5
50 2
25 6
7 1
11 10
11 6
6 10
37 8
11 3
6 4
25 4
42 3
13 10
38 6
10 4
8 6
15 9
16 3
5 6
42 7
15 8
49 1
2 1
42 7
7 5
49 3
13 5
47 10
45 5
13 8
25 5
27 3
28 8
47 9
3 5
22 9
39 6
8 9
29 9
12 1
21 5
28 4
24 1
18 9
30 10
31 7
43 8
13 8
41 7
47 7
26 9
22 5
26 10
33 1
24 4
28 9
20 6
20 5
47 8
21 3
45 2
40 10
14 8
19 1
9 2
9 6
28 2
8 5
7 3
21 9
50 5
4 3
45 2
1 5
47 4
49 3
16 1
20 6
21 7
3 2
43 8
32 3
24 2
11 6
48 4
27 2
17 4
38 10
14 5
4 7
4 9
10 6
27 3
26 1
32 4
24 7
4 6
46 6
23 4
35 5
24 5
16 9
14 5
2 10
11 3
29 6
26 4
50 6
43 4
30 9
2 9
14 9
12 6
21 10
13 7
36 5
2 6
49 7
37 2
1 10
11 6
12 1
14 10
2 10
39 8
22 7
8 8
3 9
49 8
13 7
43 7
21 7
48 6
37 5
15 3
30 7
35 8
28 9
32 5
50 3
18 5
17 9
28 5
30 8
42 9
45 4
6 3
20 7
19 6
23 4
3 4
35 6
18 3
37 5
20 2
2 4
11 9
11 8
11 5
35 8
14 9
14 3
42 1
32 9
4 6
10 5
17 7
14 2
50 8
34 7
14 1
32 8
44 5
7 2
39 8
24 4
12 9
2 4
33 5
25 10
1 7
18 9
2 1
3 7
23 7
39 2
29 8
33 8
37 9
43 9
5 9
13 7
50 5
9 9
44 5
37 6
35 9
3 9
14 10
25 6
21 1
18 9
42 9
38 1
41 9
43 2
46 6
15 4
33 8
39 9
44 7
25 8
12 6
39 7
38 7
40 8
20 3
12 5
37 10
49 7
49 3
34 8
25 6
33 2
43 8
17 10
4 3
19 7
33 4
7 6
35 1
6 6
44 1
29 5
16 10
2 7
31 7
14 7
20 7
21 5
47 9
39 5
34 6
15 6
23 1
23 3
13 6
8 8
13 9
17 8
3 9
39 5
24 9
17 1
1 3
39 8
14 5
15 5
44 8
14 6
6 5
21 1
9 6
13 6
21 6
5 3
39 10
3 8
21 5
30 7
35 1
31 1
16 1
30 10
2 4
4 7
15 6
24 7
50 6
43 4
42 3
47 6
4 6
41 8
28 2
42 9
1 8
10 3
48 7
21 4
39 5
39 4
46 4
21 8
14 9
36 2
32 2
47 8
10 1
37 1
45 5
31 10
36 10
12 10
18 8
46 1
11 1
32 7
40 6
12 9
18 1
7 5
49 4
12 1
48 5
45 3
21 6
11 5
24 4
7 5
47 8
45 5
24 2
11 4
30 2
7 10
45 9
50 7
7 7
6 4
17 2
3 5
12 4
28 7
10 6
2 9
48 8
34 9
8 1
27 8
49 2
41 10
3 3
1 5
39 7
6 1
13 6
4 7
34 1
22 9
19 10
40 10
47 2
43 2
40 5
32 6
17 4
20 8
14 9
30 9
46 6
18 5
42 2
28 3
5 1
28 7
1 4
37 3
33 6
8 7
24 10
48 9
6 6
18 3
43 3
8 5
2 2
8 7
7 9
25 3
48 8
41 6
2 4
39 6
19 5
35 4
26 9
2 4
29 8
26 10
49 7
14 10
30 3
35 1
5 9
28 2
49 1
5 2
47 2
19 8
49 8
16 8
40 10
22 9
31 4
10 6
7 3
42 9
45 5
25 4
27 9
11 4
7 8
36 4
23 8
15 1
12 9
47 10
21 5
5 6
13 9
36 6
31 9
10 10
43 3
25 10
8 5
49 1
31 6
17 8
43 8
3 8
25 3
24 7
4 2
39 8
7 7
23 3
18 10
20 9
43 7
3 4
12 9
36 3
26 9
6 3
31 10
29 6
32 8
50 2
32 5
10 1
8 6
29 10
37 2
25 7
13 10
9 8
49 7
4 5
6 2
25 8
25 9
8 6
21 8
12 3
45 6
27 2
35 5
12 3
26 4
5 10
16 1
18 7
8 6
4 9
15 5
35 4
43 3
9 7
29 7
50 1
11 3
50 2
6 6
1 7
12 1
2 3
25 2
4 6
18 4
24 8
11 8
18 10
39 10
20 10
49 5
44 2
27 10
45 6
47 9
13 7
19 9
49 1
40 7
31 1
24 4
3 2
40 8
24 2
39 4
17 8
6 10
5 6
34 2
11 9
33 6
32 10
18 10
12 7
42 3
12 4
28 6
21 2
50 2
38 5
9 3
10 5
3 2
1 4
16 1
20 5
13 4
46 7
20 3
48 6
4 1
35 2
18 3
24 5
12 4
37 8
5 6
46 10
34 7
36 7
4 5
10 9
31 1
33 1
33 9
46 7
30 7
2 5
36 3
27 10
47 5
12 2
5 10
12 10
9 8
49 4
41 4
42 1
30 4
34 3
11 4
37 5
32 6
40 4
36 10
36 4
46 9
8 2
40 3
10 10
47 9
50 4
45 4
14 5
27 1
33 5
37 1
47 10
3 2
42 10
4 2
4 6
3 10
44 1
39 4
30 5
13 7
35 5
17 1
39 10
35 7
14 6
34 10
28 7
14 3
8 2
20 9
11 5
21 7
39 8
25 1
18 8
49 5
3 1
30 5
7 9
12 1
46 5
41 5
36 7
28 1
2 1
22 6
17 3
26 1
30 8
50 8
36 4
42 8
24 9
40 3
20 7
10 1
5 7
23 10
7 7
40 4
32 10
12 1
5 5
15 9
28 8
44 5
33 3
25 9
35 3
46 7
7 3
27 1
16 3
24 5
37 4
18 6
34 8
21 10
45 2
19 2
43 10
30 2
30 6
40 4
12 6
9 8
44 5
39 8
28 6
48 2
38 3
32 3
37 10
24 8
41 9
8 4
25 7
29 9
49 4
10 6
35 3
33 6
48 9
16 4
8 5
14 7
9 9
7 10
4 4
40 5
35 9
21 3
42 10
38 1
50 6
18 2
33 5
36 10
37 8
5 6
6 7
31 8
3 3
14 3
37 9
31 10
38 1
46 4
47 2
30 10
44 9
24 2
42 1
47 2
49 10
3 8
14 4
24 8
42 2
23 1
34 1
9 2
33 6
34 3
49 2
29 3
15 10
36 1
34 5
3 9
9 4
45 5
8 9
25 1
18 6
45 7
22 10
11 3
4 8
28 10
10 9
47 1
31 6
21 5
30 10
43 3
43 5
47 3
1 10
48 5
42 4
1 9
41 10
50 8
5 8
16 9
10 2
11 8
29 2
6 6
43 8
41 3
1 2
5 6
6 3
33 6
48 7
29 5
39 5
5 1
10 6
31 10
33 8
28 8
19 3
18 6
22 4
25 7
48 8
42 5
10 1
32 2
18 4
22 6
45 2
30 3
12 3
2 9
30 3
44 1
44 3
39 4
12 8
31 6
8 1
23 6
35 9
25 5
25 4
41 1
12 2
7 6
26 9
35 10
13 4
5 3
20 3
36 4
22 1
3 8
17 10
45 6
6 9
22 7
43 10
34 10
29 6
16 5
18 10
49 4
4 3
50 9
47 6
46 9
39 10
17 3
20 3
46 5
19 2
23 1
16 5
2 10
4 2
45 1
42 4
4 7
50 6
31 5
12 1
9 6
22 5
29 1
31 6
30 10
2 6
28 5
7 9
20 3
47 1
10 5
4 8
27 9
18 4
40 10
7 9
20 9
18 3
17 2
15 4
43 5
26 6
44 3
2 7
22 3
24 10
11 2
29 6
1 4
46 10
1 6
8 7
23 4
27 10
27 9
42 2
9 10
43 8
12 3
2 4
8 4
33 2
16 2
33 2
40 4
36 2
35 10
28 6
39 1
17 1
45 5
2 5
14 3
45 9
13 7
49 9
5 10
16 10
29 10
44 1
21 7
33 3
35 2
35 10
17 2
10 4
19 2
18 6
22 6
42 6
21 5
1 7
50 3
25 5
15 4
35 5
45 7
13 9
27 1
13 6
15 3
49 8
11 1
22 5
43 10
29 6
28 1
21 7
26 9
22 6
47 8
8 5
44 4
28 1
48 7
37 8
39 4
11 10
26 6
11 4
13 10
25 4
33 1
27 8
43 9
21 7
28 4
6 2
44 7
26 5
25 5
14 3
40 6
44 9
49 3
37 4
13 4
16 4
47 7
21 10
41 7
5 3
22 2
9 4
17 8
30 6
4 7
42 1
12 5
18 6
22 10
36 3
38 7
42 7
42 2
6 10
20 6
43 3
21 4
45 2
9 10
15 9
2 4
35 6
27 3
3 10
6 7
3 10
43 7
29 7
5 10
43 4
40 3
24 4
46 4
1 2
18 8
41 10
37 6
31 6
37 8
40 5
30 2
30 2
42 6
20 5
45 9
26 7
9 10
8 3
30 10
47 1
30 8
22 10
34 1
30 6
3 6
23 2
10 2
33 6
47 4
18 3
22 3
5 7
31 3
40 3
32 4
40 7
45 8
26 3
30 1
44 4
32 7
14 1
37 3
43 5
15 9
40 6
3 4
14 5
30 7
36 1
40 9
42 1
43 5
38 10
27 6
17 6
44 3
32 10
45 6
18 7
45 1
39 7
3 10
7 6
18 3
12 7
38 3
49 2
28 4
18 1
34 2
14 2
35 4
31 4
33 6
10 1
50 9
10 10
12 7
25 2
13 9
27 4
36 10
12 7
36 3
40 5
40 3
16 7
47 9
14 4
8 3
16 3
20 3
48 6
17 4
45 2
43 8
3 4
24 8
15 3
29 1
35 3
45 10
48 10
14 8
44 5
6 3
30 7
39 8
30 3
49 1
49 6
20 4
34 8
2 1
1 9
14 8
50 8
45 5
14 10
36 3
34 10
28 1
37 6
5 1
29 4
18 10
21 5
29 7
4 4
50 3
28 8
44 6
25 3
15 6
10 6
5 10
48 1
47 8
23 7
8 10
45 7
44 3
29 9
37 5
10 2
24 2
42 4
32 1
46 7
20 5
47 6
41 9
38 7
19 2
8 5
18 3
4 7
26 10
32 1
16 2
9 6
8 7
8 10
36 5
6 1
9 4
26 6
44 2
12 9
11 4
21 1
33 3
49 5
25 9
21 10
9 8
7 9
1 4
46 3
26 6
1 3
21 3
35 5
24 5
43 4
47 6
6 7
43 9
12 4
46 8
42 1
29 9
46 1
10 7
28 6
17 3
45 2
10 2
28 5
1 1
26 1
2 4
26 3
36 3
7 1
38 7
15 9
20 2
26 10
22 6
46 8
20 6
24 5
22 3
47 3
43 5
44 5
41 2
3 4
45 2
5 8
29 6
4 8
21 9
42 5
49 7
11 2
19 4
41 7
50 3
40 6
27 9
47 5
44 8
7 2
13 8
30 10
43 10
18 9
34 5
36 6
17 4
20 3
33 6
5 3
49 6
38 5
44 10
6 2
48 2
45 2
11 7
5 7
47 1
31 4
2 7
42 10
49 7
25 3
37 8
11 8
13 2
8 3
9 10
31 5
41 4
29 7
5 5
46 2
20 9
5 7
50 7
5 10
8 10
48 3
5 6
4 5
41 7
8 6
36 3
46 2
50 6
41 6
5 6
33 3
20 4
39 1
44 1
36 4
5 10
13 5
2 8
21 6
32 5
44 9
15 10
32 8
18 3
28 10
20 10
35 4
48 4
50 3
49 2
35 3
44 3
45 8
39 2
31 4
22 6
46 6
49 1
9 2
28 7
32 9
47 9
42 9
35 1
10 4
4 7
20 3
43 6
9 2
40 1
39 7
22 4
27 8
33 1
11 5
28 8
7 2
1 2
44 7
5 5
25 7
29 6
12 5
46 4
39 4
24 5
6 7
37 6
5 7
44 10
11 8
44 10
12 5
2 3
20 4
10 3
42 4
38 6
21 1
23 1
39 3
2 1
46 9
33 7
50 4
14 7
3 6
46 9
29 5
22 7
2 6
35 5
23 1
22 3
39 10
12 7
47 3
48 1
41 4
41 9
19 10
45 8
49 10
30 1
23 10
39 9
22 6
20 7
36 4
36 5
16 5
23 3
38 9
30 6
44 8
13 9
23 1
45 3
50 6
24 4
32 3
27 9
19 4
3 4
1 2
45 8
1 9
46 6
28 7
47 2
10 5
24 7
10 5
32 8
6 5
49 9
42 7
22 7
16 3
32 1
39 1
24 10
31 3
17 4
31 10
40 2
16 2
31 3
44 3
26 1
6 8
38 2
48 6
24 1
25 4
34 7
47 3
11 7
14 2
15 8
16 2
46 2
22 1
28 5
12 7
17 10
10 4
50 2
10 3
39 7
26 10
33 3
20 8
6 7
44 5
49 6
21 10
11 3
26 7
34 4
6 2
45 7
46 8
9 9
11 6
21 8
35 8
10 9
37 3
36 5
1 2
4 4
21 9
30 1
50 10
29 4
48 3
26 1
45 9
14 2
21 8
37 8
22 2
44 5
39 8
6 9
50 10
12 2
14 5
22 3
44 2
22 6
38 5
21 4
9 2
25 5
26 7
28 5
41 5
8 6
29 2
16 6
45 2
15 10
10 1
37 9
38 2
16 3
37 7
19 4
26 2
34 1
17 10
35 9
6 7
18 4
16 1
47 1
40 7
34 2
14 9
2 3
4 1
43 7
32 2
23 5
1 2
9 6
40 8
4 10
9 2
4 4
45 8
36 9
46 10
16 10
28 10
39 1
25 9
32 9
29 9
9 7
14 10
13 7
25 2
15 8
18 7
26 9
48 2
19 9
8 6
6 1
9 10
15 5
18 6
34 10
36 9
19 8
45 1
34 2
21 1
7 9
33 5
48 2
9 4
27 3
10 10
42 9
5 2
25 7
21 7
33 3
31 10
22 8
27 10
10 4
36 1
29 9
43 3
20 6
17 1
47 3
50 5
22 5
8 3
41 5
40 2
6 7
11 9
47 9
13 6
22 1
22 1
12 10
7 8
50 1
29 8
1 9
19 10
10 8
37 10
47 8
34 8
28 6
27 3
36 10
27 2
27 7
26 5
10 7
5 8
22 6
40 4
20 10
25 5
10 3
12 2
8 10
1 6
45 9
49 7
26 1
11 9
11 10
10 6
12 4
31 5
20 3
30 3
45 10
44 9
40 7
22 6
45 7
39 1
40 10
3 6
46 2
46 10
25 2
23 4
27 5
4 6
35 7
47 8
44 7
10 1
12 10
11 3
47 7
35 2
50 7
49 5
6 1
48 1
42 6
1 10
49 2
46 7
6 8
33 5
19 1
20 2
32 5
25 3
41 6
11 5
45 2
49 5
11 10
1 5
18 5
18 1
44 9
15 7
30 9
24 4
27 2
13 7
20 1
11 3
3 8
43 5
19 7
2 10
26 9
11 8
1 7
31 7
31 4
19 9
1 7
48 6
7 4
31 4
21 6
7 4
21 1
42 2
49 8
29 7
11 10
19 6
4 1
20 1
31 3
23 7
41 8
17 4
8 4
16 8
28 7
49 7
24 1
40 3
20 1
38 10
21 2
23 6
30 3
16 3
50 5
26 5
1 5
30 8
24 2
14 3
10 8
33 3
23 5
4 10
29 6
35 7
39 9
35 7
48 7
23 6
4 2
48 8
26 6
40 10
43 7
42 4
47 1
48 3
6 3
26 2
34 8
17 3
25 10
23 3
35 1
43 6
33 5
13 8
36 5
5 7
35 2
19 7
15 4
31 2
20 8
44 8
39 3
50 1
38 3
43 6
29 5
19 4
29 8
31 10
34 7
13 7
8 3
4 7
1 1
30 1
44 9
35 1
28 10
2 3
42 3
2 7
50 9
27 3
39 8
11 1
17 8
11 5
4 4
34 9
22 9
17 6
17 6
15 8
7 6
28 7
4 8
11 4
29 4
17 6
42 2
4 3
39 4
15 6
25 9
42 2
2 6
16 2
19 3
17 5
50 3
2 4
43 7
33 2
37 6
4 10
8 6
46 10
5 7
25 3
15 2
43 7
16 3
2 5
32 5
45 9
7 5
21 10
13 4
2 8
11 8
44 9
23 1
9 2
10 3
46 1
16 10
20 2
43 9
26 9
43 3
21 5
18 3
15 6
27 4
38 7
31 7
41 8
1 9
1 3
46 9
2 7
47 10
30 2
32 4
36 5
21 1
24 8
27 2
34 5
43 9
46 4
5 3
8 5
45 4
34 6
16 5
5 10
23 6
47 3
17 10
18 10
13 4
32 3
31 4
33 8
32 2
6 2
39 4
23 7
25 1
19 8
3 8
50 4
1 5
49 3
36 7
14 8
7 4
45 9
11 2
36 2
7 9
44 2
11 3
19 10
19 4
45 3
29 4
23 2
1 3
17 5
16 3
13 8
7 3
48 1
6 8
19 8
26 8
43 7
49 1
16 9
22 3
14 6
34 4
43 7
24 2
35 2
32 5
49 8
44 5
33 8
16 4
13 3
46 5
25 9
24 4
36 7
17 6
50 9
1 6
34 4
8 10
23 7
35 6
50 9
23 2
38 1
23 6
18 4
30 4
7 3
19 1
38 8
36 7
12 4
39 10
4 2
29 3
40 3
37 10
21 7
35 6
44 8
16 2
36 9
22 4
3 1
43 4
36 3
19 5
34 1
5 3
2 10
1 4
26 8
15 6
50 9
9 4
49 6
50 6
6 9
29 6
37 9
2 5
41 4
23 6
14 1
46 5
42 3
35 9
15 4
4 10
44 10
37 2
22 4
20 1
21 10
14 4
26 9
12 6
9 10
12 5
3 2
24 5
44 4
19 3
36 9
18 10
1 4
23 5
17 7
36 7
29 6
25 7
22 7
4 9
26 9
28 10
45 5
47 1
29 4
21 1
46 2
49 6
17 7
2 6
24 2
19 7
26 8
14 9
27 8
49 4
1 4
11 10
11 2
48 2
40 9
36 5
47 7
36 5
43 10
33 9
22 10
48 4
32 9
36 2
50 10
16 3
44 6
42 5
1 4
40 10
39 4
37 5
35 2
8 5
17 5
20 10
43 6
35 8
19 7
2 8
2 8
50 8
3 6
34 7
11 4
29 3
8 4
42 7
20 1
45 5
28 3
48 7
50 1
17 1
10 3
19 9
47 1
43 2
45 7
41 8
12 7
18 1
31 4
14 5
2 1
16 9
24 5
12 10
35 9
10 3
50 5
4 7
17 5
11 9
24 5
47 7
42 4
4 6
30 7
26 8
30 10
6 10
33 6
16 8
18 9
26 10
39 9
5 3
34 8
39 9
14 3
50 6
25 2
45 7
10 3
32 9
45 7
8 2
20 9
30 6
26 9
20 7
43 4
14 1
20 7
48 6
40 3
37 6
6 10
28 10
2 5
12 4
5 6
44 3
9 9
33 6
7 9
10 2
33 5
32 6
50 5
10 4
18 6
44 8
50 8
15 6
2 1
9 8
22 4
50 1
36 1
33 5
9 6
22 1
49 5
10 7
23 6
40 3
11 6
33 8
26 7
19 9
44 2
8 3
7 4
37 6
28 2
30 7
1 9
32 5
19 9
36 2
19 6
47 5
9 8
15 6
18 3
25 4
14 8
8 3
46 1
46 9
16 8
40 6
41 2
23 8
22 1
19 1
26 2
19 5
14 5
39 2
20 8
33 9
35 2
36 2
11 6
12 2
14 6
2 8
19 10
26 10
41 1
20 6
14 10
4 1
37 3
39 2
24 7
18 8
34 5
46 4
23 2
31 8
24 5
4 6
46 5
15 9
47 10
35 1
42 1
47 8
22 9
22 5
44 5
39 5
25 8
36 2
10 8
28 7
4 2
29 4
40 2
43 8
27 10
19 1
7 8
37 6
36 7
40 10
47 8
8 1
38 10
35 10
3 6
3 6
10 4
16 5
18 3
39 7
44 6
36 2
5 4
7 8
47 6
30 7
3 8
5 6
13 1
32 7
50 5
43 1
3 2
40 9
18 9
47 4
41 1
35 4
4 10
2 2
25 8
13 1
50 10
22 5
1 4
43 2
21 8
35 5
16 1
13 1
46 9
18 4
17 10
35 2
26 6
46 9
13 8
31 2
16 6
23 9
30 3
47 5
7 8
3 10
33 4
31 1
33 3
4 5
7 8
4 2
46 7
5 7
5 5
49 6
28 9
23 8
12 7
33 10
48 8
42 9
26 2
50 3
41 10
46 5
19 3
23 6
6 7
42 7
15 4
28 3
38 6
27 6
10 8
21 7
24 3
48 6
1 9
50 6
4 6
15 6
41 8
47 6
38 8
50 7
8 2
38 9
12 6
4 3
27 2
22 4
50 6
10 4
19 2
13 5
41 6
11 8
35 5
12 1
41 1
29 10
26 1
2 4
23 10
19 1
17 7
11 8
30 4
25 3
9 10
8 8
45 10
45 10
50 9
48 5
2 6
44 10
5 8
9 1
28 7
46 3
22 4
40 4
32 6
23 10
23 2
8 2
8 9
22 9
4 10
31 10
29 1
36 1
8 1
37 2
41 8
39 8
17 5
24 4
49 4
9 4
47 5
38 5
8 8
44 1
49 9
12 7
12 8
43 7
45 7
19 2
40 3
44 6
36 6
20 1
27 9
50 8
5 5
22 7
31 6
37 9
10 5
5 6
35 10
28 4
35 2
1 10
46 5
4 10
11 2
48 7
11 10
42 5
5 7
15 2
45 2
10 5
30 9
4 3
10 5
2 3
30 9
10 8
11 8
42 4
12 7
8 4
21 4
42 7
10 5
45 2
3 9
30 1
7 6
30 10
5 10
1 7
34 3
29 2
27 4
39 2
28 2
9 2
41 2
1 5
19 4
39 1
50 2
12 9
5 6
46 9
30 9
26 6
42 10
40 9
4 8
37 8
20 8
38 5
48 8
17 3
18 6
30 1
48 7
43 5
47 2
32 3
23 5
4 5
14 5
2 2
37 7
42 6
19 6
46 6
18 9
31 9
45 10
36 4
45 3
29 5
3 1
40 5
16 1
5 4
33 4
2 9
45 3
39 1
22 7
25 3
12 7
27 9
43 9
16 6
43 7
50 7
35 4
39 7
37 6
31 3
19 8
22 9
14 2
21 7
16 9
15 9
16 9
22 3
6 2
6 4
11 6
47 10
3 8
22 10
39 7
27 8
40 3
38 6
16 7
28 3
22 7
34 7
48 5
23 1
48 8
23 2
10 3
41 6
22 4
14 10
41 8
50 7
5 8
39 4
45 2
11 8
49 2
24 5
15 2
2 7
38 3
26 8
32 3
46 7
29 1
46 5
5 2
33 2
10 10
24 5
12 4
15 2
28 5
11 9
41 5
24 1
14 8
5 2
9 1
41 7
12 2
16 9
21 3
6 4
35 8
38 1
16 8
33 1
37 4
13 7
40 7
15 3
47 4
27 8
41 9
45 2
47 6
12 4
4 4
28 7
47 3
36 6
45 1
29 5
46 5
8 9
43 5
30 8
3 8
37 10
31 4
42 10
26 1
39 2
4 5
48 6
50 5
18 4
1 10
21 2
26 6
4 8
2 3
36 4
24 3
39 4
20 2
41 9
32 4
40 2
43 3
16 8
50 1
14 4
44 4
16 9
3 1
36 5
23 10
11 1
29 4
36 9
35 9
17 10
48 2
44 2
24 5
39 1
26 7
13 2
1 2
33 1
1 3
21 8
29 8
44 1
38 4
40 9
3 4
2 5
30 10
17 3
43 1
3 5
22 6
18 7
6 4
3 6
3 10
32 2
32 1
18 6
23 10
26 2
11 8
25 5
50 5
9 6
28 4
8 5
5 8
41 4
7 9
4 9
24 1
5 5
47 2
45 4
11 5
11 2
42 5
8 10
36 8
12 9
46 8
29 6
29 10
7 3
9 10
21 6
20 4
39 5
24 6
34 7
47 7
43 9
19 7
6 3
18 2
28 2
31 10
22 10
14 5
1 10
20 8
36 1
14 1
28 4
17 7
2 8
49 7
15 5
35 7
46 6
27 1
25 7
38 2
33 10
21 9
39 9
15 6
46 2
31 1
42 6
15 3
13 1
33 10
44 10
50 1
2 3
20 4
13 8
29 1
26 4
12 7
46 8
12 7
2 7
18 7
47 6
14 7
24 10
7 1
46 6
32 8
27 1
33 1
44 8
30 8
4 2
18 7
7 10
39 6
6 5
41 7
38 6
9 6
21 7
45 9
31 2
13 4
3 8
26 4
22 5
38 4
36 4
25 4
6 1
35 6
3 6
35 9
37 7
34 4
37 8
40 9
37 10
32 7
5 5
46 8
6 9
7 10
31 2
3 2
3 5
24 4
49 7
8 2
42 6
41 4
45 5
43 10
12 1
48 2
2 1
41 10
19 6
23 7
31 2
45 4
35 4
29 8
11 7
48 2
18 5
3 7
1 8
20 9
16 6
37 2
42 8
29 8
12 10
11 4
2 8
27 3
35 8
16 3
36 4
38 8
4 4
46 2
36 3
43 7
5 1
47 9
38 4
33 6
13 1
30 9
25 6
49 8
32 1
15 6
46 8
40 7
34 7
50 4
10 5
36 4
45 4
30 7
25 9
27 1
30 7
47 7
7 7
8 2
47 9
45 6
28 5
22 2
37 10
26 9
44 2
42 1
32 6
37 9
3 7
22 3
16 2
43 7
16 1
46 5
14 8
46 4
45 5
7 10
6 2
32 3
39 9
8 5
22 5
26 1
33 2
34 5
48 4
5 2
35 8
49 4
11 4
8 7
21 4
19 6
7 6
18 9
21 1
36 5
49 6
41 8
38 6
45 1
20 1
24 7
19 2
44 5
15 6
42 10
45 2
34 7
40 6
27 7
49 4
44 10
9 1
43 3
34 10
28 1
35 6
41 5
24 9
31 7
23 4
47 1
28 6
33 9
28 1
4 8
4 6
38 4
43 7
49 9
34 2
39 3
6 7
21 1
31 5
21 6
17 5
8 1
14 2
34 7
44 7
47 3
32 10
30 2
20 10
47 7
45 10
4 5
10 4
46 1
47 6
38 5
6 8
28 7
25 10
24 2
35 6
22 5
8 1
47 10
19 2
39 9
49 6
22 8
15 7
34 2
30 5
36 7
41 4
48 10
26 8
9 9
26 4
35 9
33 9
38 9
32 7
20 4
28 6
25 5
23 4
25 9
27 10
24 10
36 10
13 3
26 10
15 7
5 9
24 4
19 3
7 5
13 3
2 10
7 2
15 7
27 6
8 3
33 6
48 1
18 2
50 5
32 6
5 7
40 4
33 3
42 3
24 5
11 9
15 6
37 2
49 6
48 10
32 9
36 7
5 2
6 3
28 1
8 4
29 8
40 3
44 6
39 1
32 4
17 3
29 8
17 2
3 5
35 10
27 6
2 8
15 4
50 9
1 2
18 7
7 1
28 3
22 10
23 3
43 9
35 10
13 5
3 7
22 9
50 7
27 9
12 5
32 5
40 7
23 3
2 7
42 1
36 9
18 4
37 5
21 9
32 9
10 8
1 9
23 9
50 7
20 3
19 1
47 4
1 5
38 8
41 7
27 6
45 3
7 1
50 1
17 2
17 6
48 4
25 7
25 8
33 6
48 3
28 4
6 10
32 6
25 4
17 4
42 3
10 3
31 4
46 3
19 5
30 9
23 6
19 4
14 6
32 10
2 1
15 5
21 6
42 10
16 4
36 6
1 5
49 7
36 2
33 10
16 3
38 4
21 6
19 6
49 10
18 3
33 8
6 10
45 9
22 2
47 7
1 3
38 5
43 7
3 4
34 6
6 1
18 1
9 3
45 1
7 10
43 1
5 9
3 4
46 5
22 4
38 2
22 4
43 8
47 6
33 9
16 10
31 5
42 1
29 2
3 6
6 3
22 9
40 7
2 9
16 5
4 5
33 4
46 8
3 5
33 1
17 3
21 1
28 5
31 6
41 8
35 1
44 7
11 1
27 1
13 3
48 1
7 3
9 4
38 7
17 9
46 4
29 1
24 6
17 7
44 9
8 2
40 9
42 7
47 2
8 10
40 6
4 6
2 7
15 2
50 8
45 8
44 8
27 1
8 10
2 7
7 6
45 1
15 6
8 6
45 1
47 7
45 6
1 4
33 9
16 9
37 3
7 1
34 3
29 7
35 3
10 10
22 6
6 4
33 3
2 10
47 4
11 8
22 2
43 8
25 5
2 2
24 8
39 9
11 5
17 10
46 10
4 4
36 7
13 2
10 10
3 2
8 3
16 6
27 1
18 3
31 3
31 10
40 3
28 5
19 8
30 7
8 10
34 6
24 8
42 4
44 3
44 10
25 1
35 7
24 7
1 3
49 3
10 8
47 2
5 10
29 5
25 6
35 1
34 2
39 3
37 2
26 2
32 1
26 9
12 7
23 1
22 7
4 4
39 5
31 5
30 7
8 8
9 10
19 4
44 4
11 1
30 9
9 1
19 1
16 3
41 3
49 9
44 1
17 1
32 4
29 8
37 1
14 2
17 5
13 3
38 2
37 2
23 6
22 1
47 7
28 8
19 2
49 5
39 8
18 6
28 7
50 10
44 4
39 9
43 4
46 10
45 4
16 1
4 8
9 6
16 4
22 6
32 2
3 9
9 4
35 4
33 3
19 1
24 1
49 4
29 3
13 3
12 1
32 2
15 10
7 1
20 3
6 5
33 5
2 5
47 2
23 7
20 6
50 10
19 4
38 9
9 9
49 8
41 8
14 1
16 5
11 7
48 1
47 3
14 8
27 9
29 3
47 1
23 5
25 10
41 2
48 6
46 7
36 2
36 8
32 6
37 8
35 2
36 7
22 8
35 1
10 2
37 10
4 2
36 6
34 9
21 5
45 7
15 4
2 9
21 7
5 9
46 10
14 6
44 2
8 10
45 7
8 4
4 4
47 8
32 10
11 9
44 2
9 10
20 3
18 8
7 10
8 6
48 5
16 10
48 2
6 9
42 9
7 2
36 1
10 2
47 4
4 5
32 2
14 2
25 8
17 6
41 2
33 3
30 10
1 1
15 6
44 9
46 4
36 7
37 4
39 2
39 6
22 4
41 3
47 7
37 10
43 5
39 4
12 5
21 5
8 3
27 9
48 3
49 3
22 9
2 5
43 3
37 3
50 6
50 8
5 6
30 1
37 3
5 3
44 4
17 2
21 3
22 10
21 7
42 5
49 8
27 7
37 2
41 1
3 10
39 3
13 5
50 1
30 4
13 3
2 8
50 4
18 9
7 10
44 4
22 7
2 7
45 2
35 1
15 3
7 10
26 3
23 3
43 9
4 6
21 9
37 1
5 10
41 1
43 4
43 3
21 5
38 1
26 5
46 10
48 5
17 6
13 4
17 4
26 4
30 2
24 9
14 7
42 8
39 3
10 5
39 2
25 4
11 8
42 9
39 9
31 6
45 6
7 3
40 8
4 6
45 9
39 2
7 10
31 7
9 5
40 5
13 5
24 8
40 1
2 10
10 10
8 3
40 6
2 5
29 10
17 5
11 3
2 4
2 6
21 5
9 5
38 5
9 5
7 5
15 8
34 7
36 1
41 1
37 2
44 7
49 8
9 4
4 7
19 4
16 5
41 5
26 7
24 6
34 4
37 2
27 1
21 2
4 2
50 5
36 6
47 4
29 5
10 5
25 9
29 5
40 6
13 9
5 9
10 3
1 3
30 4
43 8
15 6
28 4
1 3
16 1
15 10
39 1
35 1
23 9
30 4
28 1
5 4
6 3
24 9
22 6
20 1
23 1
2 7
3 7
34 2
17 3
5 4
47 3
6 4
23 7
18 10
47 5
11 7
50 8
31 7
21 6
45 3
42 6
9 4
15 1
27 8
22 3
40 4
16 5
9 8
30 8
44 3
6 9
39 2
33 6
50 10
17 3
28 9
32 7
46 4
17 2
9 8
44 4
1 4
33 5
23 2
24 10
14 8
28 1
4 10
2 3
19 3
35 1
31 7
26 2
29 2
32 6
27 10
39 4
34 1
2 9
7 9
49 4
17 10
45 9
41 3
8 5
14 1
36 2
34 4
29 10
21 5
36 3
2 5
46 3
41 6
36 9
13 5
28 2
33 6
37 2
2 6
35 6
45 10
18 5
20 6
44 1
30 6
28 3
4 8
8 2
43 3
7 8
7 2
10 9
22 8
43 9
29 7
28 9
27 7
14 4
42 9
17 5
44 1
20 9
42 3
1 8
16 6
36 8
12 1
37 7
3 2
30 6
13 5
8 1
11 9
31 2
42 7
8 8
24 1
37 9
28 7
12 1
2 4
18 2
36 6
2 6
28 8
11 6
2 1
43 8
17 1
39 5
44 2
21 4
32 6
28 4
42 4
22 4
16 6
15 10
23 4
38 2
5 8
44 3
12 8
43 9
21 10
35 10
29 7
50 7
35 10
9 7
3 3
23 3
42 6
12 7
21 8
39 5
43 9
31 5
44 9
19 4
47 7
29 7
13 3
43 9
37 10
19 8
15 2
35 8
15 7
40 5
13 3
46 8
19 5
1 10
6 5
18 5
11 7
8 4
30 2
1 7
26 7
29 3
36 10
43 7
29 9
26 2
38 10
12 1
19 3
47 8
6 3
39 4
44 10
37 6
4 5
41 3
9 9
19 7
24 4
40 2
22 8
24 5
2 4
47 9
9 7
22 3
5 5
39 7
49 9
44 4
8 4
24 8
2 10
14 7
44 7
13 9
27 10
50 4
15 8
29 10
47 9
25 8
35 6
36 8
2 2
15 4
40 5
4 10
50 9
35 5
13 8
29 10
10 10
15 8
41 2
43 1
39 10
46 7
49 7
12 2
9 8
3 1
12 10
32 2
25 10
30 10
33 7
16 1
20 8
8 1
29 7
36 10
14 7
23 5
17 9
10 9
49 7
50 7
10 5
20 2
11 6
10 4
28 1
30 1
1 1
13 6
48 6
3 10
5 4
25 3
31 1
31 6
6 7
30 8
22 7
40 1
19 2
45 3
40 8
6 8
41 9
41 1
7 8
11 9
10 1
9 9
18 4
9 4
48 10
43 6
23 8
12 7
43 9
4 9
32 6
23 6
37 1
49 8
11 10
42 6
19 3
49 5
8 7
35 9
12 5
20 3
20 10
15 9
29 10
44 10
19 6
21 3
37 10
39 1
25 7
42 1
6 10
10 1
20 6
16 3
8 4
16 7
48 1
3 9
28 4
39 6
38 5
19 7
27 3
22 4
14 2
32 5
14 1
39 5
40 6
16 8
47 1
31 10
37 2
48 6
46 10
8 7
8 8
48 10
8 9
41 8
29 9
27 6
40 5
6 2
8 3
32 8
27 2
17 2
43 4
15 8
37 7
11 3
8 2
32 2
8 5
30 7
41 9
21 1
18 9
15 9
17 3
33 8
30 4
28 2
21 8
9 3
46 5
39 9
13 5
23 2
3 6
4 10
10 4
23 5
34 4
43 4
31 9
21 6
29 10
18 10
15 7
18 3
37 7
43 7
20 3
20 8
6 8
37 3
46 5
14 1
12 2
18 8
32 4
40 9
48 7
36 7
19 7
9 8
39 10
37 7
50 9
17 4
3 4
34 5
31 2
40 2
28 2
20 5
5 10
49 9
13 8
23 8
2 4
39 1
26 9
12 5
5 9
16 10
45 10
42 4
46 10
26 6
9 4
49 5
24 5
16 7
37 9
32 10
14 3
12 5
2 9
37 1
9 2
33 6
24 6
39 2
32 2
23 8
8 3
46 8
31 2
35 7
38 4
14 6
44 2
28 10
8 9
26 5
7 3
13 4
16 3
44 2
11 10
43 2
7 5
47 7
21 7
32 2
50 2
45 8
2 10
16 1
8 6
38 1
11 1
8 6
16 4
25 8
27 1
12 4
30 7
19 2
10 1
26 8
48 9
47 3
48 4
46 8
49 8
28 2
23 9
39 6
24 5
41 3
10 1
17 10
34 10
35 2
13 8
47 4
8 6
36 6
31 1
18 1
19 6
42 6
44 3
31 2
10 8
15 9
25 1
21 4
17 7
36 1
6 8
4 2
7 8
5 7
35 6
28 4
36 9
25 7
14 2
7 5
45 8
48 1
43 7
17 10
7 3
50 10
25 10
18 1
45 6
47 3
16 7
33 9
9 6
14 5
26 2
19 5
22 5
18 5
2 10
23 4
23 8
7 1
3 5
3 1
24 3
11 8
47 3
15 4
16 2
27 10
44 3
29 4
36 2
47 5
30 9
26 10
35 7
47 6
50 1
38 10
15 9
9 2
21 2
7 4
5 4
22 6
32 6
11 4
34 4
21 1
37 7
31 2
36 6
16 10
1 4
24 4
44 3
47 5
38 3
46 9
43 9
42 5
25 8
15 7
3 6
36 5
41 9
12 9
2 3
12 10
44 3
45 7
38 1
30 6
12 8
21 8
34 2
18 3
47 10
9 3
46 1
32 8
23 9
18 7
29 7
6 10
35 10
14 9
47 4
1 7
15 6
10 4
34 2
12 6
4 7
15 6
4 10
12 2
42 10
27 8
18 7
1 1
33 2
34 2
1 6
39 3
37 10
5 7
4 7
17 1
41 9
17 7
4 6
25 1
20 9
46 2
7 9
42 9
36 10
23 9
25 4
42 1
35 4
28 9
6 6
32 10
24 8
35 2
46 7
44 4
19 1
8 3
50 7
37 8
42 1
10 8
23 5
28 5
8 9
9 9
7 10
38 4
19 1
24 9
28 2
5 7
4 2
7 7
24 2
3 4
39 2
18 1
41 9
39 7
4 7
24 8
43 8
7 4
49 10
23 6
4 2
42 3
43 6
20 8
42 4
38 7
14 7
31 10
8 8
27 5
25 7
10 6
20 1
45 7
35 10
15 1
29 10
48 9
4 3
45 5
37 8
35 7
42 3
29 5
39 9
10 5
27 3
2 6
31 4
31 6
41 10
26 8
16 7
8 9
30 3
49 8
26 4
11 6
37 2
39 6
41 8
48 5
1 8
43 6
20 6
8 3
27 6
10 9
43 6
25 8
13 3
21 7
16 8
50 6
31 9
10 3
16 8
43 3
44 5
19 4
19 3
47 3
29 10
36 10
8 2
40 10
17 9
47 6
16 5
27 5
23 4
7 10
24 6
31 4
2 7
34 4
47 8
28 9
33 7
13 5
33 10
11 6
23 8
42 7
1 10
12 8
37 10
6 4
47 1
39 8
11 3
31 6
9 8
12 1
9 3
15 3
37 10
18 2
4 10
15 6
22 7
6 3
29 6
11 7
47 2
8 5
25 3
33 4
29 4
20 6
37 7
45 4
16 5
44 7
14 3
36 3
13 8
2 8
26 1
20 8
27 2
3 5
1 6
25 4
1 1
18 8
11 2
28 7
28 7
42 8
11 10
22 2
28 6
20 7
12 2
7 6
27 8
20 10
35 2
4 4
25 6
34 3
47 6
8 7
40 4
32 4
11 10
48 10
41 1
47 10
35 1
14 4
3 5
49 6
5 4
42 1
49 4
9 2
47 3
36 7
19 5
43 2
25 3
18 1
45 2
8 4
14 9
23 1
35 5
11 7
46 2
43 7
44 10
40 3
16 7
7 2
37 9
31 10
25 5
1 4
5 10
27 4
42 5
24 3
36 1
19 3
28 9
4 2
17 7
42 7
11 6
49 8
18 4
19 5
29 5
23 4
38 10
23 6
11 10
11 3
24 6
45 3
6 2
16 2
12 1
3 8
14 9
29 8
23 3
50 5
48 9
7 5
45 3
6 1
35 1
49 2
19 9
10 5
41 1
49 7
25 5
9 3
35 9
30 8
50 2
2 3
10 4
20 7
3 2
21 7
28 9
1 6
46 9
13 5
30 10
2 9
21 10
42 4
45 10
10 1
31 8
44 5
10 1
8 1
1 6
15 10
12 5
38 6
30 5
12 3
3 2
50 2
38 9
4 5
46 9
41 1
22 1
41 10
18 7
27 4
20 5
38 10
40 2
14 2
37 8
28 5
14 5
15 9
48 5
3 8
48 6
38 5
26 6
36 9
36 1
48 2
9 4
31 3
39 7
7 10
49 2
10 9
19 8
11 8
10 9
3 1
25 7
10 6
23 2
17 8
23 6
15 10
36 6
31 9
3 2
42 2
35 4
34 5
42 2
35 4
20 8
42 3
8 8
32 4
41 10
16 4
5 3
20 2
25 2
34 2
16 4
38 7
19 6
39 2
29 2
24 9
8 10
10 7
48 10
1 6
12 1
28 1
43 4
33 6
15 3
2 5
12 6
44 1
27 8
24 8
44 9
13 10
27 4
6 1
31 3
29 8
40 3
8 10
41 4
17 2
36 8
39 6
28 1
48 3
37 7
1 10
22 4
45 5
48 1
39 2
47 6
6 9
46 5
24 5
31 4
33 10
20 6
9 2
39 8
42 7
14 8
27 4
50 4
42 5
29 10
14 10
22 3
33 3
39 9
3 9
6 7
49 2
50 5
6 8
23 4
4 4
27 3
50 1
4 4
8 4
48 6
13 1
17 5
23 9
14 5
18 5
22 4
15 2
14 2
38 7
44 2
29 6
50 2
35 3
10 8
22 1
3 6
30 3
31 3
14 4
3 6
5 6
11 4
43 9
37 1
1 6
2 5
36 5
5 2
21 9
15 3
7 6
12 5
40 4
2 2
45 5
8 9
27 5
18 8
18 3
45 10
25 9
18 3
12 2
38 5
28 9
19 6
15 6
26 8
42 5
50 7
27 3
50 3
7 4
49 4
8 7
2 10
18 3
48 7
30 8
46 6
17 6
44 2
13 5
36 10
49 6
17 1
36 2
19 1
31 4
38 7
23 2
9 6
12 1
20 7
32 3
30 2
48 2
11 4
22 5
20 3
15 8
48 1
41 5
43 5
30 1
30 5
38 6
18 8
37 9
11 1
50 10
29 8
40 8
48 9
46 10
8 6
28 4
41 5
40 3
37 5
12 2
33 1
50 3
37 10
18 10
22 6
14 3
48 1
8 4
33 6
36 10
49 2
50 2
12 6
10 10
49 10
16 5
30 5
25 2
39 9
22 4
7 1
46 6
32 4
44 4
33 7
15 2
29 10
21 4
34 6
36 1
18 10
37 9
39 4
49 2
23 9
48 7
20 8
15 5
28 8
35 6
50 3
39 3
36 1
29 6
29 1
36 6
16 10
19 5
46 5
45 9
22 3
36 1
36 6
34 10
17 6
46 4
21 5
7 7
13 8
4 6
26 10
35 5
21 7
1 7
8 8
41 4
17 1
6 6
19 3
9 9
20 10
5 10
8 8
30 3
8 4
4 8
39 8
24 5
44 7
49 8
3 4
27 7
19 1
23 7
33 10
28 6
27 7
17 8
19 3
12 1
49 1
35 4
32 9
1 8
1 2
6 2
8 1
7 2
33 6
30 8
46 3
23 1
48 9
47 7
5 5
21 1
23 4
26 3
26 7
28 9
13 9
11 2
11 10
46 9
38 1
15 8
29 5
49 3
8 4
41 3
34 1
18 5
35 10
6 7
27 7
11 8
2 10
31 10
10 9
35 10
31 2
43 2
41 5
12 2
45 7
21 8
42 4
44 9
9 10
28 2
12 1
50 6
24 6
28 1
46 3
44 7
32 9
7 10
26 5
42 9
23 7
22 2
36 9
16 5
39 7
26 2
43 8
9 9
44 8
8 6
13 9
7 3
27 3
31 4
14 10
34 3
15 8
39 5
30 2
12 4
25 10
10 3
36 9
46 3
10 4
41 10
5 3
34 2
8 10
30 6
39 8
9 6
31 5
13 7
34 10
25 2
15 4
21 5
42 5
27 10
4 8
21 4
37 7
12 5
18 5
33 2
20 6
31 8
46 8
45 10
1 8
6 10
12 4
24 8
1 1
50 10
17 2
22 8
13 6
7 7
36 9
28 7
1 2
15 4
26 5
49 2
50 3
3 9
9 1
16 3
3 8
25 4
5 6
49 1
1 2
13 10
33 7
20 9
22 5
12 9
39 3
15 4
21 6
25 5
14 3
35 4
27 1
2 6
30 7
13 1
30 6
39 4
6 2
34 3
30 2
42 1
22 6
32 4
40 8
6 10
41 5
35 4
4 6
31 1
37 7
25 10
23 5
16 3
18 5
12 5
24 6
31 7
31 10
45 6
36 10
12 1
23 4
12 2
19 8
37 7
12 3
37 9
32 6
40 1
8 3
8 6
42 8
6 9
46 9
48 4
9 6
38 7
30 3
40 4
26 9
25 3
24 7
13 7
23 10
3 5
21 2
49 8
4 7
16 7
26 6
12 2
45 3
20 8
16 7
5 2
13 3
26 5
47 5
48 7
16 10
4 2
42 3
30 6
19 6
26 5
25 9
18 6
16 3
6 3
8 9
21 3
46 3
50 9
7 10
47 8
35 7
27 6
39 9
20 8
35 1
41 7
27 5
10 8
47 8
8 6
34 2
30 2
33 8
21 8
17 1
7 6
7 2
42 10
18 3
47 3
14 1
31 1
39 8
9 7
15 7
31 1
28 6
36 5
43 8
20 4
27 4
6 7
11 7
5 4
36 2
10 9
26 3
44 6
19 3
49 1
37 5
10 6
21 10
38 3
30 3
44 2
21 7
17 10
15 7
11 8
23 9
24 1
8 4
39 8
30 5
9 7
30 2
38 5
38 3
13 8
16 2
29 4
6 9
23 9
5 4
38 10
25 1
7 7
35 9
37 8
40 1
42 9
31 8
5 10
19 6
48 6
27 9
30 9
7 6
20 2
2 2
39 3
11 8
36 5
18 1
16 5
47 6
18 2
49 2
29 7
42 4
25 7
24 3
24 5
37 3
31 3
16 6
47 1
1 3
1 1
36 3
41 3
8 10
48 4
11 2
7 4
5 2
24 5
43 7
35 6
7 7
6 2
43 5
21 1
20 4
33 1
10 9
13 8
31 2
7 8
46 5
12 10
8 9
16 2
16 10
16 4
40 1
25 7
14 9
31 7
30 7
44 5
7 8
48 10
43 8
29 8
40 8
14 3
20 8
18 4
50 9
46 9
39 6
13 4
48 2
30 10
9 5
27 7
2 2
9 3
44 1
28 3
11 4
26 9
50 2
11 9
18 1
33 6
27 7
24 4
36 1
43 8
40 1
27 6
4 1
17 2
32 3
46 3
16 8
23 6
8 3
31 2
50 5
14 2
49 3
18 3
48 10
27 7
29 4
46 6
43 4
40 5
14 1
18 7
33 7
9 2
6 4
17 5
26 5
20 9
19 6
39 5
14 6
49 3
48 1
37 5
35 6
38 10
30 10
42 9
22 6
49 3
11 6
46 10
15 6
11 8
21 3
40 8
16 2
39 6
20 10
39 7
49 7
36 6
4 1
10 9
50 5
34 7
9 8
12 7
21 9
39 5
9 5
38 4
36 1
3 1
12 7
29 2
24 7
35 7
19 3
45 7
37 7
20 5
38 7
31 4
34 3
7 2
20 7
24 3
14 10
43 8
39 6
33 2
39 9
16 7
8 2
26 7
20 6
24 5
9 4
36 3
15 3
4 7
17 6
2 9
4 4
22 10
50 10
21 7
34 1
18 8
6 1
49 10
11 10
21 2
16 4
2 4
10 6
39 6
28 9
6 4
34 10
15 7
38 8
26 9
9 8
45 5
37 1
50 3
50 6
33 10
9 3
49 8
19 7
25 4
37 7
29 4
2 2
41 4
8 3
5 7
34 8
25 2
25 1
32 10
38 1
10 4
3 8
43 3
13 7
26 5
12 7
28 8
7 5
48 9
7 2
14 3
29 1
37 1
2 6
36 2
11 1
17 2
7 2
10 1
48 5
30 8
8 10
1 2
16 10
44 5
32 7
18 8
36 8
50 1
48 7
39 7
4 8
23 5
9 6
38 7
16 9
40 2
3 8
45 2
38 10
34 4
17 2
10 3
15 4
44 8
49 9
38 5
9 1
17 9
7 7
10 7
44 10
17 7
5 4
49 4
31 6
17 9
2 8
46 4
14 3
32 10
43 5
29 2
4 10
23 9
11 2
5 9
19 9
1 9
49 5
15 4
24 7
36 4
25 7
27 9
33 7
49 1
4 2
20 10
34 10
1 9
9 4
43 7
23 7
11 8
16 10
40 8
17 4
27 10
15 8
46 1
27 7
45 9
46 4
14 5
19 5
5 4
50 10
42 4
46 1
28 2
32 8
13 4
42 5
26 9
1 10
27 1
33 5
49 3
31 2
6 8
11 5
47 10
45 1
16 2
46 8
26 8
35 5
36 5
6 5
45 8
18 2
21 3
30 8
16 2
45 9
23 3
16 10
35 5
20 3
36 6
34 3
26 3
37 7
10 7
1 10
18 6
17 9
25 4
32 5
12 10
40 2
47 5
43 6
7 9
3 5
22 6
42 8
24 9
2 3
5 8
5 1
1 6
7 8
27 4
3 7
50 2
41 6
30 3
39 4
9 4
45 10
2 1
20 10
31 7
44 3
12 2
14 6
4 1
31 6
31 5
46 5
37 8
41 4
12 1
4 5
37 5
16 3
35 10
7 6
16 1
21 10
10 1
45 1
17 1
48 5
50 1
17 1
23 10
6 9
15 7
24 3
27 1
20 9
8 9
9 9
13 7
3 9
27 5
21 8
26 1
43 10
43 6
8 4
22 2
32 5
37 5
35 3
27 4
34 9
49 4
35 2
31 9
2 1
18 10
14 10
10 1
34 4
47 8
32 2
9 8
24 9
22 7
48 7
49 9
36 8
2 4
18 2
27 7
46 5
29 6
18 7
46 3
45 6
9 6
18 6
3 4
38 5
24 8
40 9
48 8
42 6
38 5
9 4
15 8
17 2
41 1
13 7
33 9
15 7
21 10
38 10
16 10
50 9
45 4
27 10
9 5
37 2
39 10
24 3
41 8
37 10
41 2
32 1
21 1
42 8
5 9
29 1
43 3
6 10
10 7
43 3
24 2
24 5
47 9
22 10
13 6
27 4
48 9
11 7
34 9
4 8
10 10
46 4
1 5
21 5
44 8
26 6
36 3
47 4
16 1
10 9
12 9
10 6
36 10
40 10
11 5
20 3
13 3
36 2
9 2
46 4
14 9
49 8
10 2
48 6
31 4
20 9
2 7
35 7
49 9
26 7
17 3
46 10
36 8
45 10
7 10
37 5
32 6
42 5
44 2
11 8
19 2
48 3
7 6
48 5
5 8
50 4
29 9
21 7
46 1
8 2
17 3
20 9
4 7
17 1
11 1
50 5
34 7
15 8
30 10
33 3
14 5
28 3
17 10
39 6
20 4
45 7
23 3
37 6
17 3
7 3
31 10
20 10
28 6
9 5
31 1
47 4
20 2
8 9
15 4
14 4
48 4
12 4
17 4
21 1
50 6
15 4
17 4
44 8
49 5
4 9
39 8
30 8
22 4
49 4
19 1
47 2
32 5
36 4
23 1
23 10
46 4
1 1
44 1
50 3
16 1
13 7
37 10
42 10
5 5
9 7
47 3
40 1
1 10
47 8
8 1
14 3
39 8
21 5
48 1
50 4
33 5
15 5
9 9
30 6
6 9
46 3
21 2
33 6
13 7
29 9
1 2
49 10
11 8
7 4
30 5
43 2
44 7
14 10
46 2
14 9
33 8
44 5
3 4
35 3
18 1
47 8
7 5
41 5
22 2
23 8
31 6
1 8
28 3
46 1
37 9
43 5
30 8
18 8
13 5
9 4
32 2
13 6
28 2
1 5
24 8
21 10
21 10
12 1
34 3
1 3
29 10
11 1
44 3
7 5
39 4
6 7
44 8
13 2
12 5
14 7
17 2
9 2
17 2
33 8
10 9
41 9
16 3
42 6
10 3
17 5
26 7
7 9
10 6
12 10
14 10
15 6
46 7
9 7
29 10
12 6
17 2
27 8
20 4
33 3
45 6
26 1
17 8
23 6
27 4
10 9
5 2
44 10
30 4
19 6
14 2
13 1
39 5
44 1
24 7
50 7
43 2
30 3
31 9
9 4
20 9
38 4
50 1
43 8
38 3
19 6
19 2
37 8
27 8
12 10
41 1
46 2
42 6
10 8
30 4
26 9
28 8
20 6
21 4
9 7
12 1
10 2
10 8
7 4
6 2
37 6
10 10
43 1
12 10
40 4
26 9
7 4
49 7
30 4
26 4
40 6
43 8
13 8
6 10
47 6
32 5
29 1
13 6
15 4
12 8
22 3
38 10
36 9
43 7
45 9
27 3
22 2
13 6
20 1
27 6
19 3
20 7
15 10
32 5
41 5
32 10
1 3
15 7
17 9
2 1
13 6
16 6
42 9
39 7
41 9
36 10
19 10
17 8
46 1
39 6
5 1
6 2
20 2
18 1
42 4
38 10
35 6
35 6
10 2
40 5
7 9
22 5
31 2
7 6
41 3
36 8
39 3
16 8
47 5
33 2
36 3
15 7
47 3
30 6
2 1
38 8
34 9
40 7
26 8
45 1
19 5
39 2
17 5
35 4
32 7
28 5
32 5
6 10
39 4
13 7
17 3
10 1
10 2
34 2
11 5
42 6
9 5
3 9
42 9
15 9
14 7
15 3
29 1
12 4
4 1
24 7
22 10
32 4
40 3
48 8
30 1
4 1
36 8
49 3
29 8
4 5
17 9
14 6
28 4
12 3
24 10
29 3
21 9
25 8
18 6
2 7
11 3
50 3
15 10
42 9
8 9
26 10
37 8
27 10
38 3
30 1
13 2
6 3
6 1
34 4
6 2
42 7
5 6
26 1
49 6
8 5
11 4
36 8
38 1
50 6
20 1
35 6
6 10
47 5
35 6
21 8
5 3
46 4
32 7
23 7
40 2
34 9
43 8
49 5
19 1
5 1
15 4
23 8
45 4
1 5
39 9
21 4
15 2
35 1
28 7
28 5
30 5
18 9
10 4
21 5
3 9
46 5
26 7
21 3
36 5
33 3
36 10
1 6
25 3
42 6
6 9
37 4
28 4
5 1
6 1
29 8
44 7
2 7
21 9
30 7
10 9
33 3
28 4
37 10
45 1
26 2
26 6
27 7
50 4
34 1
8 2
2 10
22 6
14 5
38 1
32 2
47 7
37 5
36 5
18 9
3 9
43 5
36 2
34 8
26 8
19 3
2 5
18 5
17 6
17 5
2 8
4 4
16 3
43 3
22 8
43 7
30 6
10 2
39 10
25 4
29 4
7 6
22 8
32 6
8 6
11 9
11 5
50 6
39 8
26 2
45 6
24 8
10 7
5 5
6 7
23 1
13 1
20 10
7 10
12 3
2 4
20 5
25 5
1 2
38 1
22 6
41 2
49 6
17 8
2 9
45 4
36 7
21 5
27 2
32 9
3 4
20 5
15 9
31 2
20 4
10 2
31 4
26 5
5 5
38 10
1 10
34 4
13 6
17 3
5 9
10 6
10 5
37 8
11 9
49 5
43 2
19 10
28 7
7 6
17 7
2 9
33 5
3 10
31 6
47 9
28 9
38 2
37 6
34 4
3 6
4 6
5 10
47 9
18 1
24 6
46 8
42 6
4 2
20 9
13 1
50 10
17 6
35 6
11 5
42 2
43 2
40 6
33 9
15 8
35 2
4 3
9 2
19 3
16 10
22 4
41 9
46 7
33 7
40 3
9 6
28 10
33 10
3 5
17 10
46 3
6 3
15 4
18 9
26 9
18 3
32 10
13 5
27 4
2 9
8 6
13 2
15 5
1 7
44 9
10 7
34 7
1 1
37 6
33 4
16 5
17 3
28 9
18 5
20 2
11 10
2 4
7 7
29 3
33 5
33 6
20 1
9 3
41 8
45 2
5 3
32 6
49 6
22 2
41 2
41 9
41 1
50 9
48 9
46 2
1 8
10 1
44 8
37 6
1 9
25 1
17 1
5 3
47 8
13 2
44 7
24 8
16 2
40 8
40 4
13 3
31 3
16 10
45 8
38 5
7 10
9 2
11 1
33 10
20 8
23 6
20 2
6 9
24 1
22 2
47 2
34 3
29 1
14 7
7 5
31 3
42 5
22 4
24 9
36 4
6 1
22 3
22 1
12 5
50 6
19 6
13 3
9 9
33 4
23 8
37 3
45 9
37 4
34 3
21 1
34 8
3 5
3 2
12 10
34 7
1 1
26 7
9 3
31 8
20 1
7 10
38 4
40 3
49 7
13 2
30 6
22 9
6 9
28 10
33 9
4 6
18 8
39 2
33 4
10 10
1 2
24 9
40 8
16 8
14 4
32 2
38 3
25 4
5 7
47 5
6 5
22 3
49 1
6 4
14 10
24 1
27 7
50 3
39 4
40 9
28 10
50 2
46 6
11 10
30 5
25 8
47 8
6 10
7 9
31 6
41 4
8 5
28 6
27 6
5 6
50 5
20 7
31 8
14 4
12 6
29 1
3 4
30 2
30 8
13 6
19 1
31 10
31 3
48 1
6 1
18 4
38 5
23 2
5 10
50 7
36 1
7 5
23 8
28 1
20 9
3 3
30 5
10 10
15 9
24 10
3 10
24 4
49 10
21 6
26 2
3 5
37 6
16 5
43 3
24 9
39 9
6 1
22 3
20 4
36 5
5 10
8 6
11 2
45 9
23 1
32 10
18 4
26 7
1 6
13 6
29 4
18 1
44 4
48 6
12 10
24 9
15 5
9 9
45 6
10 8
18 5
11 7
22 4
34 1
37 10
17 2
32 4
44 2
4 4
39 5
33 1
45 10
29 2
49 8
22 2
49 2
20 6
13 1
48 3
13 7
11 10
40 8
49 9
21 3
49 8
35 7
40 2
14 6
12 2
30 6
16 9
1 9
8 10
32 1
42 2
15 6
49 7
39 3
44 1
24 9
21 9
42 7
17 3
38 6
9 1
30 6
25 10
45 3
5 2
22 8
12 3
45 5
31 7
44 7
40 3
49 10
22 3
8 6
47 3
9 6
40 3
21 7
13 5
6 5
9 8
17 3
47 3
15 7
41 2
15 1
38 1
42 6
19 3
43 4
5 6
37 1
25 10
11 8
21 7
37 2
50 6
10 9
10 1
37 5
11 1
35 6
34 1
6 8
1 7
47 8
43 2
3 4
9 10
25 10
18 6
41 2
19 10
26 9
41 1
26 9
1 7
42 5
37 7
43 4
9 5
10 3
43 7
27 10
17 6
8 1
1 8
21 5
33 8
13 6
15 9
35 10
14 4
8 1
16 5
13 1
6 3
2 6
32 7
43 10
14 5
9 10
44 5
22 6
39 4
21 6
27 2
20 7
1 3
6 9
17 1
8 8
20 5
21 2
15 8
42 7
16 9
32 4
1 5
20 9
28 2
19 2
7 7
6 9
39 6
36 8
35 9
41 8
39 3
41 2
7 2
36 2
46 9
15 2
3 9
49 5
34 2
31 10
39 6
4 5
48 7
10 2
39 4
13 10
48 5
31 3
50 8
36 5
25 7
15 5
27 1
43 8
23 8
47 5
28 10
13 10
30 2
45 8
11 2
28 4
22 2
42 5
38 10
10 1
17 5
12 2
9 8
39 8
4 2
49 1
50 1
17 1
30 7
16 6
9 8
40 5
20 8
48 7
17 9
26 5
28 3
20 2
48 3
30 4
30 3
34 10
9 5
3 3
37 4
13 8
40 4
43 5
8 4
39 3
33 4
9 6
33 3
40 5
7 6
26 7
47 5
21 10
7 8
15 9
20 1
14 5
21 9
16 6
16 1
46 2
44 9
15 5
11 10
10 4
22 9
41 5
20 2
48 6
41 8
43 3
24 2
49 10
11 4
8 5
18 1
15 6
18 4
26 5
24 8
37 5
28 4
25 4
32 10
41 4
50 3
20 4
41 10
4 3
33 3
21 5
14 8
16 8
15 10
5 3
9 2
33 7
2 5
49 3
35 7
28 4
36 5
46 9
37 9
12 10
37 1
11 3
36 10
34 5
29 8
22 6
15 7
26 2
16 1
5 6
6 10
38 2
13 8
7 3
47 5
50 6
3 6
2 8
41 9
31 9
28 10
15 3
39 7
17 1
41 4
49 6
16 10
41 7
23 5
11 7
42 10
10 3
38 6
22 4
2 10
31 5
8 3
25 2
17 6
44 9
4 8
30 10
1 9
23 2
1 10
15 8
26 2
40 10
41 8
2 7
46 7
31 9
13 1
46 4
3 6
11 6
13 8
45 7
22 2
24 4
27 10
50 7
50 1
3 2
28 6
11 3
1 8
1 8
46 6
25 8
22 3
13 1
2 4
34 10
19 3
6 6
29 8
32 8
5 1
7 6
6 4
3 5
38 1
26 2
38 2
16 3
19 2
27 4
4 3
15 1
43 8
16 8
44 10
13 8
11 9
36 1
10 4
18 5
21 6
46 6
47 5
37 6
25 5
22 6
8 6
17 7
7 7
17 6
36 10
48 7
34 9
1 6
38 2
31 7
29 3
21 7
48 5
13 5
4 3
30 1
3 3
50 8
3 8
16 9
50 1
31 5
37 6
32 8
1 7
10 1
49 8
30 2
4 8
36 3
17 6
9 6
1 7
46 5
34 5
17 9
41 9
20 9
23 4
25 1
16 9
19 3
33 3
7 4
27 9
19 8
46 1
49 8
49 4
41 2
28 9
30 1
41 9
34 6
43 2
17 2
17 5
11 10
22 6
19 7
6 4
14 9
24 4
46 3
46 3
38 4
46 4
16 8
45 9
5 2
10 2
45 5
28 1
42 2
8 4
24 4
39 2
23 4
10 1
47 10
44 10
46 10
7 5
27 3
44 10
5 1
44 1
1 2
8 8
39 4
26 7
28 5
41 8
1 2
42 1
4 3
36 3
9 9
28 5
45 3
3 2
23 8
15 9
47 6
36 4
32 3
37 7
46 4
1 8
24 6
33 6
39 7
10 4
7 10
33 8
43 6
18 9
23 5
36 7
29 10
27 5
1 3
49 2
8 8
35 10
22 5
11 5
8 2
17 9
42 1
28 6
45 5
15 5
33 5
46 1
31 2
16 9
33 2
13 2
32 8
8 7
42 8
15 3
4 5
35 8
33 5
31 1
31 2
43 7
38 9
49 4
6 10
5 7
50 8
10 7
6 1
27 4
38 1
10 8
43 7
5 9
38 1
14 1
14 10
1 9
39 8
24 6
47 7
22 1
10 1
14 7
37 4
44 5
46 5
8 3
7 7
42 9
15 2
21 5
11 3
30 4
12 9
48 3
44 9
44 2
6 4
14 3
4 1
23 3
9 4
32 5
14 10
28 6
29 3
17 5
44 8
48 1
15 1
23 5
47 1
18 7
6 5
21 1
19 2
41 6
5 6
31 3
8 3
18 4
11 3
33 6
19 8
3 2
45 3
48 2
3 8
26 10
24 5
47 7
18 7
31 2
29 10
1 4
14 3
49 1
49 9
22 10
48 9
7 2
34 1
48 3
32 9
27 1
17 2
10 9
2 1
12 7
19 5
35 4
41 2
18 3
13 6
20 10
26 9
28 4
36 8
45 5
24 5
22 10
40 8
11 7
31 6
9 9
9 10
30 2
42 3
31 4
31 9
41 8
21 9
14 9
37 10
4 8
20 7
25 7
23 4
27 3
27 2
42 2
8 10
20 2
17 1
28 4
13 4
10 7
35 9
45 10
12 2
20 1
16 10
45 3
10 1
47 1
7 5
43 10
42 3
28 4
40 5
4 7
7 8
28 7
7 8
7 1
43 8
31 10
28 6
37 3
20 9
36 5
35 7
25 10
40 9
6 2
18 8
4 6
35 10
26 1
31 9
34 3
26 6
3 7
23 2
15 7
21 6
6 1
13 1
43 6
38 8
3 8
13 7
14 9
47 7
28 3
34 5
19 8
27 8
49 8
22 8
6 6
3 1
29 8
48 3
29 9
36 7
44 8
7 1
1 3
37 10
8 4
34 9
5 10
4 5
8 1
19 2
46 2
10 2
24 2
47 2
14 10
41 2
33 10
33 9
24 1
49 8
12 4
47 10
5 9
30 5
17 4
24 3
6 5
35 4
36 9
41 1
3 1
45 1
35 2
29 9
23 9
11 2
48 7
30 1
35 9
14 5
34 6
17 6
9 7
14 2
39 7
10 7
14 4
12 8
44 6
20 4
47 7
11 4
24 3
41 9
15 10
21 6
22 5
48 7
13 2
29 3
36 2
38 3
10 8
37 6
15 3
50 10
9 10
34 5
6 4
39 6
18 4
19 8
44 6
22 8
35 4
5 6
6 8
31 2
50 4
26 9
29 5
47 1
13 1
19 7
18 2
10 5
37 5
44 3
36 10
30 6
19 2
47 8
7 7
29 5
16 6
49 2
50 10
48 10
12 4
11 7
2 7
16 5
32 4
35 9
19 3
46 3
8 10
35 8
25 2
27 5
43 9
29 1
49 2
37 10
1 2
22 7
25 2
32 1
40 9
2 4
15 3
36 10
19 3
17 6
43 7
39 2
4 9
13 1
27 1
4 3
38 9
36 10
48 9
12 8
40 5
41 7
39 5
31 6
46 8
26 3
21 10
31 3
35 2
47 9
46 5
26 6
7 5
36 9
44 4
2 1
43 3
19 3
49 8
3 2
18 9
2 7
9 9
7 8
2 2
49 4
15 8
48 9
23 6
15 6
15 1
31 1
33 2
20 9
18 2
4 9
34 2
17 8
43 6
8 5
48 7
41 3
15 9
21 3
11 4
30 4
42 2
33 10
46 3
17 7
9 8
45 10
42 2
15 9
16 9
25 9
44 1
45 5
28 6
45 4
42 9
25 9
13 5
26 9
41 2
36 4
36 6
6 6
3 6
43 9
14 4
22 7
25 8
3 1
47 3
42 7
11 6
50 7
16 2
1 10
5 2
21 1
2 6
33 3
2 4
18 2
24 3
33 1
13 3
49 1
4 8
6 9
12 1
7 3
15 5
31 9
7 10
37 9
26 6
13 6
5 7
10 10
37 6
8 7
18 4
14 6
36 1
47 6
33 7
16 5
19 3
34 5
21 6
2 9
17 2
15 5
5 7
7 10
46 8
20 6
6 10
15 9
12 2
30 8
7 5
19 7
30 4
36 9
24 7
20 3
49 6
17 8
22 6
37 2
33 9
47 2
21 2
29 3
24 3
39 2
27 3
44 5
32 1
45 1
30 5
16 8
24 2
45 6
43 4
45 7
44 8
47 2
37 10
46 7
35 8
46 6
13 3
36 10
16 3
27 9
6 4
17 2
5 2
31 10
25 3
46 4
5 2
37 1
6 10
28 2
5 1
7 3
20 7
14 4
3 9
42 10
3 8
3 3
49 9
23 10
42 3
26 6
14 2
35 2
40 7
8 9
41 3
33 2
5 3
50 2
11 2
4 4
43 2
8 6
24 7
10 6
45 6
7 8
37 5
28 8
13 4
21 1
40 8
40 4
42 2
48 10
1 8
26 4
39 4
20 6
27 8
49 5
44 2
47 1
34 5
7 4
45 5
6 1
14 8
24 4
49 2
19 1
9 8
23 4
49 3
27 8
35 2
16 7
48 4
7 6
37 5
19 5
16 5
35 3
4 5
7 1
7 4
9 2
40 3
18 2
44 2
6 7
50 5
25 9
8 8
37 5
32 3
24 9
18 8
22 2
9 3
47 10
4 8
50 10
35 9
3 8
19 9
36 5
21 5
23 4
20 10
37 7
40 10
40 7
20 8
47 3
25 3
1 8
10 7
13 2
36 9
17 2
50 10
49 8
23 10
34 7
43 8
42 10
20 10
39 6
23 7
44 9
9 4
50 9
7 3
4 5
28 3
12 1
44 1
49 3
28 9
26 3
46 10
30 4
17 10
9 3
33 3
50 3
12 4
7 6
50 2
47 2
40 3
34 10
14 6
8 8
1 2
44 5
7 8
24 2
27 5
12 5
9 2
24 7
14 4
12 10
43 1
37 1
13 5
38 1
4 7
33 10
37 4
34 6
39 6
8 7
20 5
26 9
30 4
39 10
23 2
49 2
3 8
8 9
17 8
30 1
3 2
37 8
24 7
8 6
11 7
30 5
31 5
34 6
24 10
28 4
26 2
29 7
21 2
25 1
32 4
18 10
42 4
18 9
28 8
37 2
37 7
9 6
21 1
37 3
14 2
23 4
4 6
14 10
2 6
46 8
17 8
16 8
19 5
10 6
12 5
24 8
44 2
3 9
12 2
9 1
50 3
46 4
32 2
18 2
42 4
43 1
25 8
21 10
36 1
1 9
15 7
45 10
37 2
37 2
5 6
8 4
45 2
15 3
47 8
42 8
39 7
27 5
38 9
20 5
30 6
32 7
24 2
28 5
16 7
25 10
31 6
47 7
36 3
9 4
15 10
6 10
47 6
48 5
49 1
33 3
30 10
15 6
47 5
21 10
25 9
31 10
28 1
40 7
27 6
5 8
12 1
35 9
48 4
37 3
31 6
36 5
43 9
44 7
28 6
6 1
3 10
40 3
49 9
21 7
13 10
37 2
43 1
41 3
22 4
32 8
14 7
25 7
36 9
6 2
37 6
20 10
17 10
8 4
41 4
29 10
3 6
39 8
25 5
2 4
40 6
7 2
11 3
11 1
7 8
19 8
34 7
22 2
29 1
45 6
12 3
22 8
29 10
16 7
18 8
19 5
5 1
21 5
43 6
32 10
30 5
22 10
15 1
36 1
14 2
42 10
17 4
10 4
43 5
26 1
47 4
12 1
12 3
22 6
28 7
38 8
42 10
10 2
30 2
28 8
39 5
50 8
1 8
40 4
34 9
31 2
9 5
39 10
1 10
40 10
44 10
24 5
40 5
46 1
45 8
29 2
17 9
20 7
24 7
46 9
5 8
11 5
2 8
5 3
43 8
30 7
48 1
45 1
16 4
44 5
4 8
11 2
38 7
21 10
6 4
49 1
41 2
17 3
17 6
27 10
32 3
14 9
41 4
37 9
43 3
24 1
27 9
26 1
8 6
28 10
32 5
21 1
15 1
20 2
3 9
20 8
29 9
32 5
4 1
12 3
18 8
8 1
28 5
35 4
38 9
2 6
27 6
40 10
49 1
44 8
42 6
34 7
1 6
49 5
44 6
41 10
1 7
4 10
21 5
50 8
39 6
4 3
14 4
17 3
9 4
31 6
8 1
9 10
50 8
11 4
29 7
14 4
15 3
42 9
9 7
3 1
14 4
37 8
24 1
36 3
24 7
13 6
4 10
39 6
15 9
21 4
23 4
23 2
24 4
20 3
43 5
45 6
43 5
3 2
21 6
32 4
47 6
3 3
27 3
48 8
34 8
35 7
5 1
47 5
27 5
3 9
35 7
31 5
23 10
8 10
25 3
45 9
30 2
25 7
4 10
37 9
26 9
41 10
40 7
20 4
25 10
48 10
8 1
21 8
39 5
12 4
7 5
49 8
34 2
49 8
20 5
22 3
48 6
34 6
30 6
24 2
4 6
47 4
11 1
23 10
25 3
10 7
10 10
41 4
16 10
34 5
43 3
43 1
6 5
30 9
34 8
50 1
45 1
24 8
44 4
37 8
41 4
18 6
10 4
1 9
10 2
9 9
47 4
6 4
19 6
44 9
23 3
22 4
3 4
28 10
28 6
29 8
28 5
38 2
40 5
47 7
13 9
24 2
39 1
4 1
12 6
48 3
47 7
34 7
46 5
43 6
17 2
2 2
19 6
25 2
49 7
35 8
32 10
29 8
34 9
3 3
9 4
14 5
49 1
17 3
23 7
39 1
8 1
13 9
43 6
4 7
11 1
22 9
37 3
31 6
44 8
17 7
29 10
3 8
20 10
24 2
7 4
21 10
24 7
42 5
38 3
21 10
29 7
1 8
7 7
36 4
42 2
50 2
32 9
11 1
40 4
23 3
34 5
33 4
21 4
31 7
8 10
22 9
17 6
38 5
35 6
40 5
27 1
10 9
13 3
38 1
26 8
24 1
21 10
5 10
30 1
49 10
17 1
10 5
36 10
15 1
41 10
7 2
13 1
22 9
19 4
20 3
30 6
35 9
40 7
2 4
26 1
48 1
3 8
37 5
37 2
20 4
7 5
4 2
39 1
49 2
50 6
10 5
41 4
37 6
48 6
10 1
13 10
50 1
20 7
13 10
22 6
24 9
42 7
18 6
24 4
40 5
15 5
3 10
34 2
30 4
26 9
50 6
42 3
32 5
18 10
11 5
18 10
24 7
33 2
39 7
30 4
13 9
15 7
43 2
21 8
16 2
50 10
50 4
39 10
22 4
35 2
33 7
28 3
46 7
49 2
29 2
33 10
42 3
32 8
46 4
35 6
2 9
26 3
20 6
27 7
18 10
11 2
9 9
2 3
8 10
46 8
18 5
20 4
16 2
42 3
13 2
42 7
46 8
37 7
23 3
5 6
5 2
9 10
8 6
36 1
12 6
18 10
3 1
4 10
15 1
35 10
34 1
33 5
29 2
13 6
47 8
19 1
4 8
42 3
6 1
38 9
29 8
29 2
5 3
10 6
21 3
39 3
13 4
11 7
33 2
22 6
12 8
8 2
9 10
29 9
42 8
20 6
21 7
7 2
31 2
43 6
17 1
34 6
47 10
27 2
24 3
2 1
23 6
40 1
12 1
20 8
16 6
34 10
30 8
10 4
38 7
1 3
41 8
10 5
32 8
21 6
27 2
14 9
45 8
12 8
29 2
41 2
24 6
50 7
21 5
6 8
25 3
28 3
50 4
45 10
4 4
15 3
14 8
14 2
39 1
47 8
42 5
35 7
19 5
4 1
13 2
23 6
37 3
29 9
24 8
23 7
30 5
11 3
48 3
7 8
39 10
48 5
38 4
33 4
7 6
28 4
12 1
37 4
27 2
35 6
23 1
48 1
19 6
33 2
11 2
4 2
31 2
11 6
26 4
16 1
12 3
12 7
40 6
33 4
50 2
10 10
16 8
20 9
47 2
5 3
19 2
30 4
7 10
46 2
30 7
20 9
11 4
8 7
10 8
42 3
32 10
25 3
5 10
19 1
12 6
44 4
25 6
5 3
41 9
7 10
16 6
1 5
20 4
32 4
50 7
5 3
17 4
31 9
30 9
20 8
44 3
29 6
23 3
25 8
46 10
38 1
15 10
21 1
41 7
43 9
30 10
26 8
35 6
40 2
18 6
8 10
31 10
33 3
37 4
36 3
24 5
19 1
31 8
2 9
43 8
12 10
50 7
4 8
19 9
25 9
15 7
46 3
10 2
40 4
14 4
40 2
41 3
37 1
34 3
50 5
34 10
22 7
19 6
47 7
26 10
7 8
19 3
42 1
42 6
30 9
6 5
1 5
3 5
41 10
3 8
45 5
7 4
31 8
14 2
11 5
44 5
46 6
15 2
16 3
37 4
12 3
13 4
15 8
37 10
24 4
32 2
27 5
43 1
29 1
13 2
12 9
1 7
34 9
10 9
19 1
13 9
3 10
26 3
2 2
18 4
26 4
35 3
2 5
9 10
49 9
32 10
9 1
11 6
42 4
12 9
22 2
2 4
4 1
4 4
30 7
15 7
30 10
31 2
17 8
41 3
36 6
25 8
42 10
37 1
17 1
49 9
49 4
43 10
19 4
43 10
8 8
43 1
30 2
43 7
1 2
45 5
46 1
29 1
45 7
2 8
18 8
18 10
33 4
27 6
38 4
41 4
45 7
23 2
35 9
27 8
39 5
15 4
14 7
4 9
29 10
28 8
16 2
39 8
17 8
48 3
9 7
2 8
6 5
16 7
26 1
13 10
33 9
28 5
1 10
12 5
19 1
23 2
7 1
48 2
21 4
22 6
24 1
46 8
5 6
11 4
35 9
47 2
25 2
1 8
16 4
34 6
13 4
17 7
37 4
5 3
14 8
47 7
39 2
47 9
14 3
25 10
19 1
13 8
24 4
3 10
25 3
38 1
44 7
8 8
27 8
49 2
7 10
28 7
4 6
19 5
36 10
24 2
46 8
46 2
45 5
38 2
44 5
11 1
1 3
15 9
10 1
32 7
6 1
5 6
27 3
25 7
34 8
46 3
49 6
7 7
17 6
31 2
46 5
12 1
36 1
41 1
30 2
50 8
30 3
4 5
16 3
48 7
17 3
28 10
33 7
4 9
46 7
28 3
20 10
20 6
31 1
14 5
28 4
26 9
22 10
22 2
4 7
11 7
3 10
50 4
36 9
33 5
18 9
43 3
45 4
45 4
27 6
26 8
35 10
15 8
42 7
8 4
4 1
2 4
8 7
38 10
7 4
27 10
47 3
11 7
47 6
23 8
11 8
26 6
15 1
27 2
8 4
14 8
37 9
50 1
40 10
43 6
39 5
24 9
21 1
2 9
31 10
26 9
16 1
48 3
43 1
24 3
33 5
14 2
7 7
35 2
3 1
1 7
50 5
28 5
30 9
40 8
45 4
24 2
49 3
44 1
34 1
5 4
26 6
49 5
25 1
21 3
31 2
15 7
26 2
48 3
20 10
3 9
33 10
29 10
16 8
23 10
4 5
6 7
42 2
31 7
49 7
31 5
31 8
31 10
10 3
30 4
15 5
36 3
1 8
19 8
49 9
29 1
25 1
33 8
41 3
26 8
33 1
3 10
28 10
23 9
8 8
22 8
37 2
40 1
32 9
27 1
43 6
24 6
20 2
43 3
4 9
18 1
7 9
13 1
3 10
26 5
34 7
9 8
17 2
1 9
20 1
22 4
21 8
41 10
34 3
16 2
32 1
12 4
46 4
7 3
50 1
6 10
20 4
30 8
50 5
27 6
37 1
28 6
47 4
33 5
28 9
48 4
25 1
15 3
4 2
32 7
44 5
18 2
19 9
43 2
5 9
44 10
20 10
35 5
2 6
6 5
21 7
8 8
28 5
23 2
45 1
25 4
2 4
20 4
35 2
8 3
32 6
27 6
46 4
38 4
41 4
20 7
11 9
34 1
27 9
32 10
30 1
42 8
50 10
38 10
29 8
41 10
43 4
29 2
39 5
37 10
50 2
3 6
42 9
15 7
25 3
10 7
14 2
5 2
16 5
37 7
10 7
24 7
27 1
3 9
2 5
34 6
24 4
4 8
37 8
31 3
30 1
42 6
45 6
46 10
15 1
17 4
13 6
44 8
1 9
16 4
14 10
14 5
22 1
25 1
27 10
10 2
35 7
6 5
18 7
8 5
30 9
32 4
16 10
42 8
28 6
31 7
1 1
3 10
44 4
36 4
8 5
3 5
7 4
40 9
21 10
29 9
17 5
4 2
47 1
28 9
12 1
25 7
32 1
29 2
7 3
14 1
1 9
30 7
40 6
43 9
39 2
