10
5000
8 37
7 31
5 45
7 7
3 21
10 44
4 29
3 39
9 37
8 21
7 21
4 16
8 19
6 48
5 22
10 46
2 24
2 40
1 20
6 24
7 39
8 45
7 49
1 50
4 11
1 14
6 48
10 48
3 6
4 17
1 29
3 9
10 3
1 4
9 50
10 42
2 42
2 36
1 14
2 6
9 43
6 4
2 21
8 21
2 29
5 12
8 39
5 47
7 4
6 23
6 21
3 25
5 42
1 8
3 39
3 25
8 15
4 18
5 6
1 42
3 16
9 48
8 34
9 38
7 3
10 12
3 15
5 21
5 50
5 35
9 17
10 42
2 1
5 30
1 11
5 5
6 49
4 22
10 23
4 33
8 35
2 31
1 19
5 45
5 14
9 3
3 38
6 13
7 42
3 36
9 39
2 28
1 30
5 44
3 3
5 45
4 13
10 15
1 25
4 25
2 18
4 35
2 49
10 44
8 34
4 9
4 26
4 25
7 37
5 20
3 6
2 23
1 13
1 46
7 36
6 2
9 15
10 13
1 35
4 15
9 15
4 46
1 13
1 38
3 26
10 9
4 45
8 41
3 26
1 45
6 21
9 3
5 48
4 32
9 28
6 15
7 32
8 6
7 3
5 34
10 5
9 39
8 23
7 9
2 7
9 5
7 31
8 4
5 19
1 18
4 41
4 48
4 34
6 16
7 20
6 1
5 21
3 38
10 19
4 43
9 30
8 46
8 13
4 32
2 50
7 33
8 6
10 2
9 5
1 9
8 30
9 21
1 48
1 22
8 27
4 21
8 2
2 3
2 18
9 36
7 10
6 49
2 34
6 10
9 9
5 22
8 32
8 28
3 37
2 17
7 41
10 40
5 37
6 31
7 16
8 25
5 31
3 16
7 42
6 21
2 49
7 14
6 35
6 40
7 21
10 33
10 43
9 19
6 46
1 42
1 26
7 20
9 34
9 50
6 16
1 48
4 31
5 16
4 45
3 48
5 14
2 25
6 26
1 13
5 40
3 40
10 11
9 9
4 27
9 37
7 45
10 22
8 33
7 7
7 33
9 24
6 26
1 10
3 13
9 44
3 43
6 47
4 40
1 7
3 31
1 4
6 6
1 42
10 36
9 36
1 41
7 36
1 25
7 44
3 46
9 34
2 13
7 21
9 2
9 29
9 32
9 22
2 10
1 29
7 39
7 18
5 5
10 9
7 23
6 33
2 3
6 6
3 29
10 38
5 1
1 30
6 3
1 16
4 27
5 5
6 2
8 14
6 21
6 3
3 39
2 17
10 40
1 45
5 18
9 7
8 29
2 9
4 5
10 25
3 3
7 40
6 9
8 13
9 5
2 44
3 2
3 6
2 11
2 13
10 50
2 3
2 29
7 40
5 31
7 16
5 38
9 49
1 2
8 40
9 6
2 6
3 18
2 40
8 37
8 21
6 16
7 46
6 19
8 6
8 47
9 35
4 11
7 50
4 34
4 3
2 20
10 47
6 46
9 21
6 25
9 19
6 47
3 24
8 38
1 20
9 20
7 25
1 33
6 49
5 8
1 40
3 37
5 3
9 18
6 22
3 47
1 32
3 31
10 24
9 15
1 26
6 42
1 1
1 21
10 49
8 45
7 18
8 29
9 15
3 21
4 16
1 17
9 31
1 5
4 23
1 7
5 32
10 44
2 37
9 30
10 14
10 48
8 3
6 24
9 31
9 25
7 41
2 5
7 1
9 10
8 47
5 2
7 11
1 28
1 17
9 27
10 48
6 22
3 49
5 8
2 27
4 15
9 46
8 30
1 35
5 40
9 30
1 21
4 7
10 13
4 6
9 29
7 38
10 31
3 5
4 13
4 12
1 1
3 36
9 46
2 31
1 17
3 32
7 13
10 28
1 13
8 44
8 40
3 19
9 19
10 45
3 24
7 31
8 31
3 13
2 11
3 18
6 10
1 47
6 49
3 25
6 24
8 25
3 2
1 42
1 11
1 30
10 41
4 18
5 36
9 49
2 26
9 23
8 40
6 3
5 4
2 34
2 41
1 22
6 6
3 4
1 22
3 24
2 28
3 4
4 32
3 39
6 25
4 16
10 1
8 2
8 15
8 29
7 45
1 8
6 41
10 48
7 1
9 2
10 7
5 32
10 20
7 17
6 3
6 48
3 30
4 42
8 17
4 47
9 39
3 11
8 14
6 40
8 23
5 34
2 40
5 22
10 10
6 38
10 22
2 28
1 12
7 14
8 30
4 31
8 42
6 15
6 24
10 29
10 31
4 39
10 37
10 9
9 29
9 33
3 24
3 40
6 1
1 18
4 13
10 17
3 30
6 49
1 48
10 16
4 48
7 42
1 38
9 46
9 19
4 30
10 27
2 23
7 5
8 7
1 39
5 22
2 24
4 8
3 47
1 7
4 19
9 27
7 8
1 47
6 27
6 12
4 4
4 28
3 8
5 45
5 23
9 29
10 30
3 44
6 35
3 2
4 17
3 9
9 47
2 34
10 25
10 45
2 46
8 32
8 48
2 13
6 6
1 11
5 33
6 45
2 30
8 31
7 14
1 50
1 13
4 30
8 14
3 11
3 44
1 46
1 23
7 9
6 47
2 15
3 31
3 14
3 16
10 48
2 24
4 3
2 16
6 27
3 34
2 1
9 10
8 20
4 8
10 22
5 3
2 21
9 15
3 37
7 42
5 24
8 46
5 43
10 18
5 41
2 41
7 46
2 49
2 26
9 38
7 36
5 8
2 8
7 8
3 2
8 25
5 41
4 13
1 29
6 46
5 48
8 2
3 9
2 46
1 50
6 14
8 32
4 3
4 43
1 17
9 20
8 24
10 49
6 50
7 18
7 12
8 42
10 15
3 36
10 9
7 45
5 16
6 10
3 45
2 37
6 43
10 36
9 9
2 31
9 16
7 5
10 40
2 35
1 45
5 1
7 10
3 1
5 4
1 45
4 45
9 15
6 11
9 21
8 3
1 25
6 14
2 27
3 14
10 14
5 44
5 47
5 2
10 18
10 25
9 5
2 2
6 31
7 48
5 7
8 41
5 49
10 18
5 35
9 20
7 8
7 23
5 36
6 35
1 19
4 12
5 25
1 10
3 22
8 30
7 26
1 41
6 33
2 46
7 12
2 16
8 1
5 8
7 11
1 27
10 18
9 29
1 39
10 9
1 37
5 28
1 12
9 26
4 28
3 26
3 31
7 16
9 40
4 26
6 11
8 15
9 13
9 49
1 23
5 12
9 35
3 22
5 42
2 6
1 38
6 21
1 23
8 15
4 33
5 20
6 24
4 33
7 10
4 38
1 31
2 1
10 48
6 38
3 37
6 8
1 31
7 46
8 31
2 23
10 47
8 2
9 48
9 43
8 44
8 7
9 49
9 19
5 7
8 25
8 19
7 33
2 36
7 23
5 18
5 6
1 2
6 36
2 20
1 8
3 50
4 39
6 13
4 12
7 7
5 5
7 10
7 47
8 5
1 40
8 13
5 6
9 32
8 13
3 11
7 48
2 17
2 20
10 3
5 37
4 37
9 10
1 45
4 29
3 40
6 32
2 9
5 43
5 50
2 6
6 7
7 25
2 28
10 31
5 39
10 32
5 8
9 5
6 33
10 46
2 9
5 37
4 27
2 3
8 44
1 17
8 34
2 48
3 43
2 17
7 43
10 38
5 10
2 5
6 37
4 4
1 43
10 37
7 38
8 12
10 18
6 42
9 49
10 11
4 3
8 8
4 35
3 37
6 38
6 38
2 14
3 22
3 40
5 25
8 17
9 3
1 14
5 13
7 15
3 46
3 41
10 40
5 49
2 2
10 7
5 4
5 11
9 35
4 40
3 44
1 15
10 22
10 47
1 17
3 20
4 28
5 47
2 42
10 21
9 40
10 24
2 36
3 4
10 31
6 40
4 38
5 14
5 15
8 9
10 16
5 37
3 31
2 4
3 41
5 27
5 43
3 9
3 40
7 14
7 21
5 38
1 29
5 45
8 16
9 43
9 50
4 50
5 27
9 13
3 32
4 21
8 6
10 35
4 25
2 25
7 14
8 50
5 1
10 26
4 17
7 42
3 15
5 8
6 45
5 16
10 35
9 23
8 41
3 29
9 46
8 48
7 33
9 14
2 21
9 2
5 7
7 9
5 21
1 26
6 9
3 24
2 8
9 3
5 19
10 12
1 25
2 40
1 34
5 13
1 6
9 14
8 42
9 8
4 46
10 28
6 37
2 14
9 46
10 23
5 20
3 31
3 17
7 8
10 5
10 7
10 4
8 40
8 45
5 1
3 22
10 42
2 14
7 29
10 42
4 7
10 21
1 6
2 50
9 39
3 39
3 48
5 19
8 37
6 7
10 20
3 39
3 35
3 20
10 18
1 12
6 39
10 20
3 8
10 34
5 6
7 49
10 23
3 11
7 31
9 2
3 21
8 21
10 2
3 3
6 33
8 1
8 14
4 2
9 4
2 10
6 1
7 48
1 48
5 37
2 37
2 34
9 38
8 35
7 45
10 46
9 27
1 48
6 38
10 15
2 21
5 18
3 4
7 40
8 35
8 34
7 9
7 34
2 37
5 15
4 44
7 50
10 18
8 47
4 10
1 4
1 39
1 43
3 44
1 12
6 32
1 16
1 18
7 31
8 37
8 39
5 12
3 37
10 43
5 13
8 46
7 19
8 45
8 12
6 30
7 29
9 28
2 29
7 30
10 50
5 31
10 47
2 6
2 40
2 1
4 6
2 42
9 45
3 48
1 49
1 29
4 43
8 3
4 7
6 39
7 11
6 9
8 50
10 46
6 4
5 32
8 47
3 10
3 15
9 23
8 35
7 8
8 31
1 39
2 43
8 40
4 28
4 24
6 21
2 24
1 8
8 28
9 45
9 47
7 9
9 11
7 22
8 38
8 48
10 48
3 24
2 18
4 35
5 14
4 8
6 35
4 22
10 4
3 14
6 39
7 24
9 44
3 38
5 33
7 50
7 3
8 22
3 44
10 18
3 26
1 3
6 34
6 24
3 33
4 11
7 17
7 14
9 27
2 32
7 30
7 10
8 34
6 9
6 26
7 24
1 38
8 17
10 37
6 24
8 28
10 42
7 12
4 14
6 15
6 1
10 7
3 11
5 21
5 3
8 20
2 6
6 38
10 35
6 3
7 47
7 9
1 47
7 20
6 36
9 27
2 50
5 37
3 11
2 45
10 31
7 49
2 29
1 21
4 45
3 21
2 10
1 14
9 4
5 48
10 48
4 40
6 44
7 41
8 39
5 10
5 22
6 36
6 47
9 21
10 6
7 13
1 21
3 37
9 39
7 47
2 3
10 6
2 17
6 48
1 39
10 46
2 4
4 24
7 24
1 34
10 18
10 41
10 19
10 38
3 18
4 13
5 1
6 24
1 3
2 5
4 16
9 17
5 21
8 50
2 35
7 21
8 48
3 48
6 43
3 10
7 49
8 29
5 9
3 9
9 43
4 9
10 17
10 36
4 38
6 15
3 19
8 48
10 10
6 32
1 40
7 32
3 44
7 6
3 25
4 35
4 39
5 4
5 40
3 23
4 41
9 14
9 44
8 34
8 23
3 2
1 14
6 23
1 23
9 8
10 38
4 49
7 10
4 8
2 4
8 44
9 2
6 40
3 29
4 30
8 35
2 49
9 1
1 1
10 23
10 20
8 19
1 44
6 9
3 40
4 16
1 44
2 18
4 2
6 10
5 17
2 36
3 43
9 20
2 16
6 13
10 27
3 29
8 17
2 33
2 21
1 31
8 19
10 14
10 11
3 35
4 48
10 22
5 36
4 33
10 5
6 23
8 23
6 37
6 1
7 17
1 17
10 49
10 23
10 30
2 10
7 30
10 49
6 39
9 13
1 4
7 31
9 20
8 10
4 19
7 5
1 2
3 34
5 28
6 36
5 48
1 31
1 23
10 21
6 10
1 15
4 34
10 2
5 7
4 38
3 6
1 22
9 25
5 50
5 47
4 5
6 18
10 28
4 29
10 34
6 41
4 10
1 23
1 25
10 36
7 31
5 33
9 6
6 19
6 21
1 49
3 8
3 9
8 40
1 34
6 28
6 3
3 29
4 9
3 46
1 1
3 15
7 19
2 37
5 25
7 25
9 7
10 33
3 36
1 50
1 44
7 48
4 20
1 6
5 41
8 36
7 17
10 44
1 19
2 41
3 16
10 34
6 16
3 43
10 32
8 21
7 43
6 20
2 27
5 14
7 31
9 44
5 37
10 40
10 38
9 15
6 2
8 37
4 44
9 34
8 44
4 15
3 39
6 30
5 40
8 16
3 7
6 19
7 29
1 25
9 25
10 49
10 18
10 46
2 5
6 34
7 11
4 15
4 44
8 8
10 41
7 25
5 8
7 32
1 50
4 12
6 34
10 50
7 6
10 22
7 44
3 15
5 37
7 13
8 24
3 2
10 34
5 8
10 42
5 45
5 1
7 22
3 4
3 19
8 10
7 19
9 26
2 22
1 50
5 50
5 22
5 39
5 15
10 16
8 36
7 15
1 30
4 31
4 8
8 4
9 27
4 41
10 10
8 49
5 19
9 32
10 36
7 33
6 42
7 13
7 16
4 33
10 38
7 28
3 43
2 4
9 10
6 25
7 47
5 28
2 2
6 1
2 42
7 10
8 27
9 8
10 32
8 11
3 48
6 26
1 16
8 39
4 38
1 8
7 35
8 44
9 17
1 10
10 10
10 42
7 33
10 14
5 24
1 50
5 8
8 37
8 35
3 39
8 8
2 28
10 32
7 43
9 29
1 11
3 28
9 11
6 2
10 15
8 13
4 19
8 2
7 15
1 18
6 14
8 37
2 15
7 47
9 3
9 47
8 33
7 36
7 48
7 5
7 37
6 43
10 48
8 25
5 4
8 38
9 27
8 28
5 12
5 5
10 20
10 21
9 15
2 36
9 5
5 12
7 7
4 4
4 8
6 18
4 39
10 47
5 41
4 15
10 42
9 27
10 30
10 41
5 37
3 41
10 20
1 50
9 50
1 21
9 42
7 45
8 46
1 4
9 17
4 33
4 3
3 39
9 46
10 46
2 24
4 45
2 47
7 37
3 46
6 44
2 9
3 35
2 48
7 48
9 42
5 31
4 47
1 42
10 13
9 2
7 38
8 36
5 38
6 39
3 24
10 26
4 48
1 19
2 9
4 33
5 9
8 37
10 37
6 29
10 25
2 17
10 6
2 36
2 14
1 4
4 37
7 11
5 37
3 19
10 32
2 26
4 27
7 34
5 23
5 12
5 35
4 38
3 21
1 37
6 19
7 4
10 8
1 15
5 30
5 47
2 9
5 9
3 50
6 26
4 38
8 38
7 6
5 10
2 2
4 10
9 11
10 32
5 20
6 21
1 5
7 14
5 35
1 20
6 49
5 50
9 41
2 28
10 31
7 6
3 16
6 15
9 43
3 3
5 42
5 45
8 15
9 35
7 8
6 10
2 23
4 19
3 37
6 50
6 39
1 43
1 8
10 20
1 25
3 23
6 12
5 25
5 10
4 9
10 49
8 38
1 46
2 37
9 45
2 34
5 35
1 40
6 25
7 7
10 40
2 27
9 19
8 26
4 36
4 2
3 2
6 29
5 21
6 9
8 22
4 2
7 25
8 15
4 14
2 6
3 47
4 19
5 40
8 10
9 30
7 37
7 49
6 24
10 9
6 45
9 18
3 27
8 25
9 16
7 22
10 5
1 5
10 23
10 11
8 39
1 16
5 47
4 38
4 11
2 9
8 40
4 9
2 48
6 28
4 1
4 50
5 12
1 11
3 10
8 16
8 17
4 6
4 13
7 22
4 13
7 22
10 36
3 4
1 22
5 20
8 27
7 25
8 20
3 1
8 3
3 42
7 1
4 2
4 46
2 36
10 25
6 45
6 42
10 16
9 3
1 29
3 39
1 36
9 19
8 38
4 44
1 30
3 4
6 35
1 23
9 44
10 20
1 20
3 2
4 49
5 23
1 48
9 39
7 24
2 19
10 1
9 41
9 14
6 1
10 18
10 3
5 45
4 37
9 23
4 14
7 21
3 24
2 39
5 9
9 32
4 24
9 26
7 16
5 10
7 39
8 4
9 37
8 32
10 1
9 38
9 43
9 45
8 1
10 22
8 32
8 49
6 34
2 18
3 37
7 3
4 27
5 4
2 36
6 3
10 8
5 36
2 30
9 26
9 15
9 22
5 40
8 24
5 15
6 45
8 17
9 12
10 4
7 24
1 19
3 26
6 13
3 25
6 24
8 22
9 34
7 16
1 45
3 24
6 37
7 40
7 35
10 5
9 23
1 1
10 50
7 35
6 42
8 24
5 26
3 39
7 25
1 19
4 2
9 38
7 31
1 40
7 49
1 12
7 49
8 32
9 43
3 24
3 1
9 30
9 2
3 17
3 17
7 46
5 34
2 46
8 19
3 41
10 8
9 12
1 19
8 49
6 38
9 29
3 6
6 28
2 32
10 29
9 28
2 8
7 47
5 5
10 13
4 14
10 22
10 10
3 34
6 17
8 10
9 50
6 29
9 34
7 31
5 24
5 49
6 33
1 43
6 13
1 41
10 12
10 11
3 37
10 31
8 1
9 49
8 42
2 29
9 35
6 39
5 31
2 33
3 32
4 50
3 33
8 25
5 26
7 29
2 35
6 50
9 35
7 3
8 14
5 30
3 18
9 41
8 46
6 14
9 22
1 15
7 38
4 16
4 23
5 20
3 32
7 27
10 12
2 10
10 40
1 49
5 18
9 2
7 47
2 49
7 47
1 3
10 2
7 32
3 43
9 38
7 15
10 10
8 37
4 11
1 21
10 25
6 10
2 9
1 42
7 35
5 17
6 19
4 24
2 44
9 27
6 13
2 27
7 32
10 49
6 29
4 14
8 19
6 28
7 19
2 14
5 28
9 26
1 4
4 32
1 1
3 39
3 29
4 10
7 13
9 25
2 25
6 31
1 4
4 39
2 5
7 46
5 35
5 24
7 23
1 25
2 29
4 13
4 8
8 22
2 3
1 49
2 6
7 12
2 47
7 20
9 50
9 8
8 35
2 8
1 50
1 37
4 22
5 10
8 11
10 14
4 11
9 2
6 23
10 11
1 26
10 30
7 11
5 48
6 44
2 50
6 33
9 11
9 27
7 12
4 34
2 45
10 19
3 30
2 35
5 5
1 14
2 28
2 49
10 19
3 43
8 48
2 15
10 17
8 35
4 34
8 4
1 35
3 27
4 16
8 19
4 22
2 37
8 44
10 20
10 12
2 9
8 15
6 23
3 17
6 15
8 45
1 2
9 26
5 12
7 5
10 44
6 37
9 31
8 19
8 49
10 21
8 42
2 31
2 50
7 34
1 35
8 14
7 22
8 15
6 33
5 33
7 47
7 26
8 6
1 38
8 40
7 12
2 13
8 38
9 5
1 26
2 21
1 26
3 17
8 9
4 16
4 6
7 32
7 14
9 18
2 41
6 43
9 49
6 42
9 45
4 37
3 5
3 19
5 28
2 8
7 42
6 44
7 17
6 8
4 33
6 14
9 19
9 1
5 43
9 28
6 4
10 44
8 42
8 27
4 20
10 6
2 5
7 22
2 17
8 12
2 10
9 28
3 27
3 22
8 9
8 42
3 23
7 14
9 19
2 22
3 50
10 16
6 25
4 39
10 1
3 29
4 21
4 37
1 12
6 48
10 38
10 10
8 46
10 9
4 42
8 38
3 41
5 18
3 3
4 35
8 31
3 45
10 11
9 2
6 7
1 17
10 34
10 41
3 49
1 36
6 44
9 31
10 16
6 29
10 12
2 4
1 27
8 18
10 12
3 16
1 3
8 23
1 29
5 4
6 49
3 18
4 44
8 6
10 20
1 38
2 1
6 50
10 29
9 33
8 39
6 32
1 44
1 9
4 31
6 10
5 23
9 17
1 17
5 2
3 31
6 9
1 46
2 42
8 7
6 39
2 50
9 29
2 29
3 7
2 33
8 5
2 11
4 17
6 42
3 10
10 3
4 49
9 50
2 15
2 36
7 6
9 28
9 19
9 1
2 37
7 28
4 38
7 40
1 49
8 34
6 45
8 31
6 8
1 44
1 27
6 5
6 23
5 23
10 27
6 44
4 14
5 6
1 48
10 29
6 43
7 2
3 41
4 15
3 30
7 44
2 30
3 47
5 7
4 17
5 8
9 20
4 2
5 44
6 35
6 1
1 19
6 49
2 25
4 19
10 11
4 40
1 4
7 26
9 42
6 38
5 41
6 34
2 34
3 14
8 18
8 15
3 18
2 48
6 49
4 3
3 3
2 15
2 49
5 20
4 10
6 18
7 21
3 12
10 1
1 44
4 13
6 16
8 26
1 6
2 41
2 31
4 46
1 50
2 36
8 30
1 32
8 29
8 12
10 14
7 36
7 15
9 21
6 18
9 2
8 44
1 3
1 39
4 2
5 41
4 44
10 47
1 9
10 37
8 30
4 33
1 24
4 43
10 23
10 15
8 15
6 8
2 43
8 46
6 20
8 10
10 21
10 25
1 21
2 20
2 28
3 21
2 50
9 37
6 15
4 46
6 18
2 30
10 6
5 50
3 4
5 2
4 11
10 17
10 1
6 48
1 30
2 28
9 41
1 34
9 34
2 7
3 6
3 45
8 8
8 1
8 19
8 30
2 50
6 33
4 18
5 43
1 35
8 17
7 18
1 37
8 15
1 28
9 6
8 33
7 49
10 8
9 19
9 39
4 46
7 36
7 24
7 23
5 14
1 35
4 15
7 1
8 33
5 3
3 31
7 50
9 25
10 7
2 1
5 13
1 42
5 25
2 26
6 20
3 49
8 50
9 7
6 7
6 18
9 5
2 8
7 7
5 42
2 2
10 29
10 14
10 45
4 9
9 43
6 20
5 49
8 43
3 24
5 49
8 46
9 45
5 20
1 14
7 24
6 47
4 11
2 33
9 23
9 23
8 25
8 13
3 16
4 35
5 2
2 34
8 42
8 3
7 37
1 27
3 49
10 22
5 49
8 30
10 32
6 7
1 22
4 5
9 4
3 41
3 50
6 26
3 19
8 38
10 45
2 33
8 22
3 32
7 33
10 6
4 26
3 46
8 41
6 10
9 26
10 2
1 10
6 11
6 44
2 11
3 42
5 48
5 21
4 19
3 37
4 18
4 26
5 13
10 31
6 34
9 49
3 46
3 12
9 4
6 15
6 43
4 23
9 29
1 34
8 41
6 31
6 22
4 30
1 48
5 10
8 36
1 34
3 42
8 18
3 20
3 31
5 1
2 43
9 8
5 43
7 48
2 44
6 26
4 22
6 48
1 7
3 22
5 26
10 47
2 36
5 11
9 5
7 11
10 16
4 14
6 16
9 18
4 12
1 45
10 21
5 10
1 31
7 11
8 19
3 17
2 9
8 3
3 13
10 46
7 12
6 25
1 23
4 10
6 36
7 16
7 29
7 46
2 28
4 25
2 14
3 44
6 42
10 17
4 42
4 49
5 14
6 40
4 10
3 22
7 48
7 45
2 37
2 19
5 47
10 8
1 26
8 21
8 10
4 40
10 7
8 50
1 39
3 36
9 38
7 6
10 37
9 2
10 31
4 4
3 17
5 2
5 44
2 20
7 11
3 30
4 32
6 9
1 21
8 17
9 45
2 44
1 19
7 34
2 23
9 20
8 14
8 12
6 19
4 10
5 42
6 3
1 12
1 30
4 6
4 22
6 31
7 33
9 36
10 44
9 28
1 20
9 46
5 10
10 16
1 25
2 24
5 36
7 38
9 9
7 32
5 45
1 16
4 43
1 2
5 16
3 20
9 14
10 12
4 27
5 2
3 8
1 22
1 39
2 16
2 9
1 40
6 21
7 36
9 11
4 47
8 5
4 27
10 30
7 25
6 39
1 3
10 40
2 19
1 9
3 5
8 36
3 4
5 33
9 10
9 24
2 17
2 33
10 45
7 28
2 21
3 1
2 16
3 38
1 46
9 33
3 41
5 50
7 12
3 12
8 24
10 49
1 14
8 5
6 17
7 7
7 13
1 41
10 26
5 15
5 28
10 30
6 35
5 40
2 26
2 45
3 44
1 42
2 13
2 2
5 46
1 45
5 31
10 23
3 50
2 23
10 50
5 47
3 16
2 4
1 24
10 11
3 14
9 13
6 24
4 41
3 27
5 34
10 14
2 41
10 47
7 25
6 31
3 5
9 14
6 2
3 25
10 3
5 44
1 2
8 18
8 29
2 31
7 7
10 5
3 18
7 35
2 32
2 22
7 32
8 20
1 20
9 38
5 46
5 48
6 47
9 11
10 33
7 3
8 2
1 42
7 18
8 29
3 35
10 33
5 31
5 17
9 37
8 30
5 37
2 18
9 23
5 4
9 15
8 40
6 9
7 8
9 8
9 49
9 35
4 21
3 10
5 4
4 13
7 25
9 49
2 23
6 14
2 35
5 40
7 48
3 8
10 24
8 16
3 22
9 39
1 22
5 29
10 1
6 26
10 12
6 17
1 33
2 10
10 4
10 31
3 32
2 26
10 46
8 2
3 15
2 35
1 24
10 17
8 37
3 29
8 5
1 10
4 20
9 5
7 3
9 14
7 47
7 8
8 46
2 44
4 13
8 46
9 8
2 23
4 31
2 16
10 16
9 3
4 18
3 11
3 30
2 5
9 37
9 17
10 21
6 14
7 18
3 49
1 47
3 41
3 23
8 13
7 40
2 45
10 39
7 47
10 32
7 13
3 24
6 10
6 8
1 42
10 23
10 14
7 16
2 19
9 21
9 16
2 39
7 31
5 43
4 11
10 37
7 25
2 23
3 39
2 12
2 6
1 16
10 8
9 4
4 12
5 40
4 44
7 37
9 42
10 34
6 31
9 50
8 2
6 38
2 5
10 37
1 36
6 14
1 50
2 14
2 40
10 42
8 5
6 1
1 27
10 33
9 9
8 45
4 36
9 43
10 15
4 11
3 22
10 4
1 47
2 21
3 3
4 33
3 13
6 34
6 30
9 14
10 31
10 47
9 3
6 37
5 15
4 5
3 28
1 13
9 30
5 35
5 20
5 47
10 43
7 36
4 40
1 29
6 18
10 14
2 4
9 35
6 16
5 20
7 36
1 28
8 30
8 17
1 22
7 1
9 49
10 7
8 29
9 22
1 18
9 11
9 47
8 3
5 11
7 43
7 10
10 3
4 41
1 37
10 48
2 14
5 21
10 37
5 24
7 9
3 19
9 37
6 22
2 12
7 30
6 36
8 26
3 6
5 18
3 40
4 22
8 46
10 7
5 35
7 30
6 39
9 49
4 2
4 20
10 39
5 30
2 49
2 50
7 18
6 38
6 22
2 22
8 2
5 14
6 46
5 31
3 24
5 44
7 32
9 38
6 15
6 44
9 1
9 14
5 25
6 25
8 14
9 48
3 23
10 12
5 37
1 22
3 47
8 41
3 44
3 1
4 35
9 7
10 27
3 21
2 14
4 40
8 39
5 47
4 45
8 45
10 43
9 27
1 23
3 50
5 47
4 11
9 14
5 42
1 20
10 26
8 25
2 46
8 46
9 48
3 23
3 38
10 27
3 9
10 19
7 33
1 25
1 8
9 13
9 29
2 30
6 1
7 35
2 2
10 48
6 17
6 44
2 35
8 43
10 44
9 28
9 33
9 5
2 3
6 42
8 27
5 7
6 47
5 16
1 9
6 32
5 30
10 40
1 4
4 33
4 25
3 26
4 42
1 9
5 1
7 23
5 46
10 2
1 15
3 6
9 40
7 20
1 36
10 35
7 21
10 20
6 50
3 47
4 20
2 12
2 36
7 22
5 47
3 22
10 17
9 26
1 3
4 1
2 8
8 39
9 49
5 25
1 27
3 44
6 3
9 22
3 29
10 10
1 39
6 1
3 24
9 25
10 3
8 23
1 14
3 11
7 42
7 7
4 7
4 43
8 3
3 46
9 20
6 45
6 36
8 20
7 38
3 6
10 39
8 6
1 38
9 21
2 24
1 19
1 26
10 36
4 47
2 16
3 15
5 45
5 40
3 12
6 30
7 44
7 43
3 47
8 18
3 15
1 49
8 4
4 28
7 45
1 3
4 18
9 44
8 23
1 40
7 1
4 30
3 9
4 7
4 34
5 14
2 40
10 50
3 7
10 12
2 34
8 41
3 8
1 41
6 30
5 15
6 50
5 11
7 16
6 8
2 1
3 22
10 11
1 45
5 31
10 7
2 6
1 13
4 50
7 14
10 2
8 24
10 7
4 43
7 21
9 11
10 9
8 8
2 2
4 24
4 15
6 44
6 7
8 49
10 7
1 28
9 41
9 25
7 21
7 17
5 50
8 11
5 1
9 41
3 16
3 28
9 11
1 41
5 9
4 36
3 7
4 31
6 21
5 16
9 29
4 13
8 23
7 8
2 5
1 31
5 20
6 17
7 8
4 8
8 11
7 32
8 1
4 22
1 40
5 1
9 13
3 6
8 38
4 15
10 43
5 13
4 1
7 31
1 8
2 2
4 32
6 43
8 33
7 38
6 47
8 28
7 35
8 34
2 4
4 20
4 6
6 15
3 21
2 40
8 29
4 48
5 39
8 5
5 40
4 42
1 40
8 32
5 24
2 9
2 26
8 47
1 48
6 5
5 5
7 35
1 14
1 39
6 31
4 24
4 48
9 31
1 4
2 20
5 17
7 45
3 16
1 30
10 26
7 2
5 40
2 10
7 5
3 12
9 50
1 11
8 35
8 16
1 7
4 35
3 12
5 34
5 1
3 38
7 2
2 15
5 20
3 5
2 16
3 2
7 7
10 26
9 5
1 34
9 5
1 1
4 2
1 18
4 26
2 25
2 37
5 26
9 12
7 7
3 18
2 42
8 12
3 43
2 26
10 11
1 45
6 46
4 16
9 24
6 12
5 44
9 35
2 27
2 26
7 4
7 45
8 4
3 5
1 3
4 32
10 41
2 45
1 31
6 39
3 5
9 38
4 6
9 9
1 9
1 43
5 24
7 32
2 34
5 22
8 26
9 29
10 2
10 47
9 43
5 33
5 37
4 18
6 43
10 38
9 20
8 24
8 25
6 14
7 45
3 15
6 5
10 33
2 42
6 41
2 32
6 26
5 48
1 11
2 38
4 37
9 47
6 9
5 42
7 2
2 28
4 5
2 35
4 40
1 3
6 20
3 15
8 9
5 14
3 26
6 40
10 13
6 23
6 47
2 13
6 6
2 18
10 24
9 47
1 27
2 43
8 13
8 12
3 35
3 43
2 6
10 22
8 30
9 46
4 39
5 18
8 17
2 37
6 16
7 46
6 48
2 37
3 28
10 50
3 32
2 9
7 34
9 45
2 23
8 2
7 3
6 12
4 10
6 5
6 25
10 12
2 11
2 32
1 33
7 24
3 6
1 12
10 3
8 37
3 8
2 33
3 16
4 47
5 40
1 29
9 33
7 28
3 6
5 18
3 20
3 21
3 18
9 30
3 4
1 11
8 45
2 12
9 17
1 29
10 35
4 15
9 30
8 44
4 7
2 18
5 12
3 40
9 17
2 3
10 19
1 48
3 35
2 10
10 8
6 36
4 45
5 47
9 20
2 4
5 28
8 35
5 16
5 31
7 28
5 44
5 43
6 27
3 32
7 1
8 32
5 23
2 36
6 8
1 6
10 41
3 3
3 31
10 47
1 29
1 8
2 18
2 41
8 17
1 4
2 2
2 4
5 8
4 18
10 28
1 10
5 43
1 4
6 12
9 39
10 49
8 35
7 23
3 2
6 29
6 32
10 9
8 48
2 47
9 48
7 42
4 18
6 14
4 45
2 29
4 17
1 45
2 21
4 17
6 25
3 21
10 19
7 12
10 43
7 3
6 11
3 28
7 6
6 18
1 36
5 37
9 30
5 10
3 7
4 32
5 42
6 35
3 22
6 28
6 50
7 28
2 15
9 43
4 40
5 25
9 41
1 26
10 8
1 37
7 1
9 19
1 31
9 5
3 28
4 28
5 21
4 42
4 46
9 47
5 16
8 26
1 23
10 50
10 1
6 48
2 8
7 44
10 21
4 16
7 21
7 14
10 41
7 33
8 13
9 49
9 29
9 47
7 10
10 10
2 45
3 38
6 43
3 48
5 24
10 10
2 8
4 16
4 5
9 29
9 13
2 40
6 31
8 4
7 6
10 37
3 35
7 28
9 44
1 1
1 23
10 4
2 31
6 7
6 45
10 35
7 10
7 3
1 29
4 6
7 35
4 7
10 16
7 15
3 32
2 21
6 17
8 45
5 33
4 31
4 7
2 1
4 44
8 38
2 48
6 17
6 23
2 4
6 33
4 48
3 48
9 42
2 16
6 14
3 12
8 43
1 43
3 34
1 1
4 2
4 7
6 46
3 42
7 39
9 1
3 15
3 38
4 27
5 15
3 15
4 49
7 34
8 36
3 26
1 15
6 11
9 33
2 30
10 38
9 31
7 50
9 26
5 6
7 10
9 2
8 29
3 3
4 46
7 43
10 33
4 11
7 8
6 10
5 18
4 1
10 49
8 16
9 19
1 36
5 47
7 7
9 47
3 3
9 31
9 29
3 22
4 18
5 38
4 21
10 9
8 31
2 41
1 26
8 3
9 20
10 22
6 23
6 13
10 4
1 32
1 18
3 46
8 28
1 34
8 44
7 49
10 11
3 1
1 42
3 6
6 50
8 16
8 33
2 43
10 35
9 13
3 48
10 19
8 2
7 3
8 35
4 31
5 35
6 28
10 39
2 12
6 13
3 35
2 5
2 12
7 27
10 6
9 33
8 42
1 32
9 2
7 16
8 23
6 18
6 22
8 3
9 36
1 28
6 16
8 5
4 24
9 28
9 32
2 40
10 2
4 26
3 34
1 31
5 27
2 38
7 46
6 38
1 44
3 16
7 49
9 12
7 20
9 45
4 12
7 32
5 35
3 49
10 42
5 34
5 28
9 8
1 9
8 3
6 4
4 35
2 48
10 40
8 10
4 44
5 14
8 20
1 19
1 33
7 45
3 24
1 6
7 14
2 5
4 22
6 10
2 5
3 19
9 44
3 49
2 9
4 8
10 22
4 38
6 15
9 24
8 47
2 33
7 32
6 34
9 7
4 3
1 9
2 3
10 21
6 3
3 25
6 23
6 42
8 31
6 39
7 44
6 27
8 31
6 38
8 39
4 11
4 20
10 34
1 9
9 20
1 24
5 50
9 18
10 50
7 48
10 29
6 26
7 38
8 22
7 2
4 11
7 8
5 6
1 2
1 33
4 4
8 2
3 38
5 1
3 44
5 1
1 42
9 29
4 40
8 7
3 42
8 6
6 14
5 46
10 34
8 5
10 47
7 38
1 8
5 30
2 48
4 43
2 2
10 48
6 41
4 12
6 42
4 24
4 24
1 6
1 12
10 13
4 14
2 28
9 47
4 42
1 4
8 7
6 13
1 6
1 35
1 11
6 5
3 38
5 22
7 47
8 35
4 19
2 34
4 17
10 1
1 17
2 36
10 32
9 22
6 35
3 13
4 2
4 33
9 3
9 26
2 40
7 10
6 5
3 42
10 8
10 28
5 18
4 33
8 43
2 25
6 4
7 39
7 17
3 34
4 9
7 33
5 27
9 23
8 35
3 27
10 30
4 29
4 12
6 20
5 43
10 23
3 33
5 13
2 5
8 24
3 49
3 35
2 15
8 19
4 33
9 38
8 9
10 32
7 8
8 13
5 16
8 39
4 25
1 41
10 46
5 16
10 13
3 12
4 25
9 16
10 13
8 8
8 3
8 32
9 39
5 6
5 1
3 30
2 17
6 37
7 38
9 39
3 20
10 29
9 19
5 17
6 26
10 35
6 45
8 24
8 12
4 28
3 21
6 31
8 29
6 26
2 36
7 29
4 23
7 46
8 28
5 23
9 35
3 28
10 40
3 48
9 47
3 42
4 30
6 35
6 2
2 50
8 10
3 46
4 16
6 3
4 3
4 14
3 36
9 4
5 26
2 31
3 25
2 19
10 12
9 21
5 34
1 41
3 43
4 48
7 15
9 39
2 21
2 37
4 9
4 44
3 43
10 41
6 38
6 26
10 3
10 4
6 8
8 37
1 2
10 25
5 25
1 37
1 19
6 30
7 8
1 49
4 16
2 6
5 30
8 27
8 45
4 41
9 16
6 6
1 16
8 8
9 43
4 19
8 23
8 24
10 15
5 46
7 15
7 21
9 10
1 6
1 9
4 16
8 13
10 2
7 24
1 18
1 45
4 4
2 20
8 30
4 26
4 1
5 22
6 48
7 49
9 10
1 9
9 33
2 5
9 13
9 44
7 41
7 31
8 13
8 34
10 46
2 42
7 29
3 40
5 26
4 13
1 40
3 35
7 13
9 35
7 4
6 33
5 46
8 48
6 23
7 22
2 42
1 1
8 35
3 23
1 18
10 32
8 18
9 42
3 21
10 25
9 19
1 41
4 23
8 13
9 20
2 3
2 11
2 2
9 8
3 19
7 38
4 25
3 35
9 2
6 28
7 22
7 3
10 8
3 4
3 12
10 20
10 41
7 18
3 27
6 3
8 8
7 3
1 18
7 4
7 13
9 49
7 40
3 5
9 7
4 23
5 12
8 25
10 12
9 4
5 47
3 17
5 36
9 19
5 12
1 34
7 12
7 25
10 19
10 32
7 2
6 6
10 39
7 24
5 5
4 8
9 32
4 7
2 20
2 36
7 16
2 36
1 39
7 31
6 4
2 3
3 9
4 7
3 25
2 17
10 27
2 23
5 37
9 45
7 4
6 7
4 19
5 2
7 16
4 46
1 20
9 40
3 26
4 20
8 5
2 32
4 15
1 42
4 44
4 18
7 13
1 47
8 16
1 4
3 39
7 39
1 44
7 50
3 11
1 34
2 26
6 34
10 41
3 8
10 40
3 29
7 4
10 19
2 22
1 21
9 30
6 42
3 23
6 31
10 47
9 11
3 29
2 44
3 31
4 7
6 17
3 31
1 9
7 24
9 11
9 36
9 12
6 6
5 28
9 31
10 24
1 28
9 42
10 24
6 35
1 30
9 47
2 33
2 49
2 50
6 14
3 30
1 22
8 31
10 16
1 46
10 40
2 9
4 15
2 16
8 15
10 36
9 14
3 39
5 29
6 35
6 1
7 45
1 24
3 43
10 18
3 8
9 45
8 3
4 43
10 16
9 2
3 37
5 39
10 18
5 2
1 42
5 40
8 49
9 37
2 50
6 45
3 27
10 41
6 16
4 30
9 22
8 45
2 10
4 2
4 40
3 9
4 9
1 46
8 48
1 4
9 9
4 12
2 7
2 35
3 38
10 5
8 43
7 19
7 36
5 8
9 1
6 4
7 27
5 38
2 8
1 26
3 25
2 32
5 39
4 33
1 35
7 47
3 4
3 12
3 1
9 9
9 4
10 18
6 35
5 26
5 29
7 18
10 36
6 16
1 13
10 19
1 37
1 14
4 27
9 44
8 50
6 47
6 36
2 18
2 2
7 34
5 1
9 49
1 34
2 35
5 13
5 34
2 26
6 11
6 10
7 8
6 45
9 18
2 35
9 7
4 35
1 49
8 14
1 25
9 20
9 30
8 23
3 8
10 20
4 44
9 25
8 19
9 12
4 12
8 46
1 50
9 25
4 14
5 45
9 18
9 40
3 42
3 21
6 47
8 47
5 41
4 42
6 41
9 37
5 3
9 39
8 41
4 35
1 11
9 11
4 23
5 20
9 9
5 44
3 9
7 47
4 43
9 30
3 1
6 30
3 31
3 37
9 43
9 16
7 20
3 24
4 10
10 29
1 9
9 50
9 36
7 13
7 33
4 16
10 33
8 35
4 28
7 12
5 21
4 13
7 18
8 14
6 19
8 21
10 31
2 31
6 30
2 25
8 33
8 20
7 28
6 10
3 4
3 9
4 3
5 39
5 19
3 28
8 36
6 37
6 4
7 43
4 48
10 39
8 4
7 40
7 41
8 25
1 15
9 2
10 45
3 4
8 29
5 24
2 8
9 22
7 49
6 48
2 40
6 7
9 47
10 30
10 5
1 20
5 7
6 10
10 36
8 33
3 17
7 50
8 38
2 38
5 18
4 12
2 16
2 48
7 13
5 26
1 15
10 38
6 12
9 23
7 40
6 40
10 14
9 24
3 30
8 29
2 24
7 5
3 47
2 21
7 3
2 45
3 3
4 20
7 24
2 41
1 27
10 37
8 44
6 33
9 21
1 23
5 11
3 24
8 34
5 25
9 42
10 32
1 46
6 50
4 4
5 15
5 36
1 11
2 48
1 4
5 42
10 28
4 22
3 39
2 5
2 43
7 46
6 3
3 23
4 34
5 11
3 22
2 33
5 33
1 21
7 9
10 9
6 27
6 23
4 12
4 29
3 19
9 48
6 26
1 34
5 47
3 17
7 33
8 12
9 40
5 34
6 38
4 16
2 21
2 21
5 17
5 15
7 25
9 45
4 49
8 18
1 28
3 1
1 31
9 22
6 47
3 28
10 31
6 10
3 12
10 16
5 14
5 13
5 5
10 27
6 11
3 46
8 28
2 38
4 38
9 44
5 43
10 42
2 21
1 25
10 30
3 49
4 47
5 46
6 48
4 8
10 9
3 22
2 17
8 28
2 29
9 44
10 17
8 2
7 20
7 10
6 50
2 10
6 23
9 47
2 16
9 35
7 8
9 1
1 18
5 8
8 43
10 9
9 11
2 6
1 34
10 5
2 12
10 50
4 6
7 14
10 21
8 21
8 34
6 32
7 38
2 42
8 29
1 2
6 42
7 2
1 14
10 44
10 45
2 48
4 15
6 3
1 3
6 16
8 42
5 44
6 41
9 9
3 12
8 48
4 17
6 13
6 11
8 9
5 34
10 1
5 5
9 21
5 32
2 37
5 39
1 32
9 31
4 25
3 49
3 10
2 50
1 26
2 25
8 16
10 42
3 27
6 39
6 40
7 10
10 25
4 23
7 44
4 45
5 31
10 32
1 34
2 46
7 10
3 39
1 6
1 19
10 23
4 10
9 46
7 27
3 23
8 32
10 36
9 38
6 7
3 26
5 15
10 45
3 35
6 36
1 27
2 16
8 9
8 28
7 31
6 21
3 34
4 17
7 10
6 24
5 36
7 9
1 8
10 24
7 49
10 9
4 45
2 42
2 44
1 24
9 23
5 36
9 33
2 2
10 39
3 4
7 36
4 3
2 18
6 46
6 9
1 12
8 45
3 37
6 7
2 20
5 31
4 22
1 28
9 43
7 25
1 17
6 48
5 17
5 40
1 23
1 25
10 48
7 45
2 37
3 1
6 2
5 29
2 29
9 46
1 27
9 20
2 15
6 22
7 38
3 12
6 14
7 39
8 40
5 33
6 35
4 43
10 22
8 27
8 20
3 34
4 38
2 49
2 26
6 9
9 22
3 1
3 29
5 22
8 18
8 37
4 48
7 18
3 36
10 26
6 37
1 16
5 6
10 6
3 17
10 30
5 12
2 26
4 39
1 19
10 43
2 42
1 4
8 15
5 10
9 25
5 22
2 46
6 24
6 41
1 27
10 41
10 17
2 12
1 4
1 48
10 19
3 18
2 33
10 13
9 37
6 12
4 41
2 17
9 38
2 26
8 5
8 47
1 40
4 21
9 5
9 39
3 47
2 17
3 47
1 7
9 47
6 6
3 46
1 40
3 30
4 30
8 13
4 35
2 40
10 22
2 22
2 35
1 40
6 2
3 23
7 26
3 22
4 43
3 11
10 37
5 11
3 4
6 15
5 39
5 10
3 8
4 25
10 5
9 48
1 5
9 30
9 33
2 34
8 41
7 36
1 26
9 35
3 21
6 50
7 41
3 11
2 2
8 33
5 39
6 16
4 16
2 1
5 37
9 5
6 29
1 15
6 30
1 48
2 12
4 47
6 9
1 28
1 45
6 41
10 41
8 13
4 1
7 11
7 25
7 5
4 29
8 48
6 10
8 7
9 39
8 35
2 49
5 23
2 15
9 20
10 8
8 44
9 7
10 23
4 3
1 26
9 29
7 32
3 32
2 8
8 27
4 10
9 1
6 37
10 5
3 39
6 2
3 27
3 16
6 47
1 10
9 35
6 18
2 49
5 33
9 49
2 25
7 10
4 43
3 35
4 46
4 4
1 46
3 16
6 16
7 9
2 18
1 44
5 48
6 20
4 46
8 39
8 3
9 44
9 49
1 32
2 28
10 49
1 21
5 46
1 42
2 22
2 20
2 15
4 10
8 21
3 14
1 50
5 32
7 9
2 43
2 43
2 8
6 43
5 32
4 48
4 22
5 39
2 1
4 16
9 28
2 45
2 4
2 6
1 11
3 48
1 31
1 46
5 22
7 12
2 40
2 29
2 38
