10
100
7 28
6 13
8 20
7 23
10 31
9 35
9 34
1 41
10 48
10 41
10 21
8 11
3 49
8 36
3 44
1 43
2 8
6 24
2 39
7 32
3 1
6 18
1 46
2 30
8 29
3 21
7 47
7 23
5 46
7 21
8 25
5 5
10 16
10 47
5 31
2 15
8 28
6 50
8 11
1 22
1 49
3 39
6 27
2 20
8 29
4 14
10 23
4 17
4 28
1 17
8 28
5 39
2 33
3 35
5 38
5 6
3 39
10 19
9 26
3 11
8 50
4 25
5 25
8 14
8 7
3 14
3 41
3 30
10 28
9 30
4 46
6 49
9 24
3 17
5 27
10 1
8 28
4 27
5 27
7 27
4 24
9 35
5 39
6 46
6 2
9 35
3 12
1 36
8 33
7 7
6 40
9 8
8 39
1 2
8 35
10 34
4 44
2 18
6 45
2 31
