10
10000
8 14
5 24
1 8
1 26
10 44
1 20
5 34
5 24
6 5
5 41
3 24
10 38
4 34
7 47
4 21
8 28
1 37
3 44
6 29
2 23
6 34
6 9
3 50
6 16
6 3
3 33
3 8
2 28
4 34
8 9
3 17
9 41
5 37
4 4
5 21
4 46
2 42
3 7
2 27
9 15
6 24
3 45
4 2
3 15
5 31
9 21
10 6
7 49
1 35
10 2
2 29
1 14
2 48
3 23
10 14
3 27
10 21
9 42
7 26
6 37
10 29
9 24
10 20
7 34
2 37
1 26
1 39
6 30
4 16
8 49
10 19
1 13
5 22
4 15
2 29
10 34
6 30
1 23
3 13
3 20
5 18
5 5
8 47
7 42
4 5
3 8
6 29
10 28
5 42
2 37
8 48
10 45
6 25
2 49
2 32
8 43
10 34
1 3
2 22
7 23
8 40
7 48
5 4
5 23
4 45
2 42
9 39
2 12
8 40
8 37
1 37
6 2
9 47
7 33
8 30
5 17
8 31
4 49
3 26
5 15
3 38
4 24
8 29
6 45
5 23
8 38
3 2
2 37
1 13
3 44
4 15
4 33
2 23
8 15
8 20
8 28
6 1
5 42
4 19
8 11
7 29
5 19
2 25
3 38
5 30
4 50
2 19
2 30
4 29
2 44
6 27
1 13
3 35
4 11
3 18
5 18
7 40
3 35
7 44
6 16
8 34
6 25
1 45
2 3
3 33
4 16
3 39
9 46
7 23
5 37
10 6
8 10
6 25
1 33
3 29
8 21
7 15
7 16
10 18
6 23
5 14
2 45
4 5
4 14
5 10
2 2
7 13
5 25
9 3
2 42
5 12
10 15
4 23
3 36
7 46
1 6
2 33
8 7
5 17
8 13
5 27
10 42
1 45
10 35
4 19
3 38
2 19
8 26
5 34
5 29
8 37
5 35
1 32
2 16
3 34
10 9
8 15
4 40
1 50
3 11
10 50
3 33
7 47
6 16
1 27
4 2
3 23
7 31
1 30
7 38
6 32
5 41
7 36
1 43
9 30
5 32
3 33
3 40
4 38
5 25
7 22
8 11
10 26
5 40
8 21
9 7
7 11
3 22
7 45
3 20
10 19
10 2
4 45
3 27
8 38
4 16
3 11
4 41
4 31
7 1
3 45
4 31
2 32
8 46
8 38
10 17
4 11
5 43
10 9
2 46
7 27
2 41
1 18
2 45
10 45
2 7
2 29
1 26
1 35
3 42
6 28
8 4
6 11
8 23
4 4
5 44
5 33
6 48
5 33
9 12
10 46
10 20
5 24
1 30
10 31
1 25
1 47
6 36
1 6
10 40
1 10
2 17
7 37
9 46
5 18
2 49
6 36
1 43
10 3
4 25
9 24
10 22
10 32
5 21
9 20
7 33
5 45
6 15
1 12
9 38
1 45
7 15
3 14
8 41
6 26
3 23
10 37
3 40
9 20
4 7
8 1
4 18
3 35
2 19
5 49
9 26
9 30
10 50
10 18
2 13
7 48
7 42
3 33
9 33
10 40
4 7
1 28
5 35
10 21
5 47
6 28
1 49
3 43
5 7
7 2
8 15
2 4
6 39
8 37
5 18
2 47
2 30
3 24
9 44
1 4
6 26
9 31
10 18
4 6
1 3
2 50
10 6
3 32
5 27
1 4
10 46
10 46
8 26
5 37
4 20
3 44
2 49
6 37
7 7
7 35
8 16
7 10
8 27
7 24
10 8
7 10
7 4
4 26
4 15
9 3
1 45
3 7
1 38
3 9
3 41
7 9
10 48
9 13
5 20
10 19
8 17
10 16
6 43
4 1
9 48
7 2
1 9
10 4
8 42
1 43
7 41
8 8
2 48
7 28
2 28
8 30
2 25
5 33
8 21
4 17
10 6
5 16
10 21
5 16
2 13
8 10
4 43
2 16
6 35
2 19
2 38
10 47
8 22
5 14
6 7
8 43
2 13
7 47
9 21
4 37
8 18
3 12
4 23
3 45
6 15
7 30
6 31
6 25
4 7
10 6
2 32
1 41
2 29
5 1
7 43
8 45
5 28
8 27
1 26
6 15
8 39
1 22
5 8
8 3
8 32
8 2
10 6
1 28
1 25
6 14
6 9
4 38
3 46
4 39
2 12
6 4
10 4
4 29
4 37
2 43
8 40
1 34
9 6
1 15
9 9
3 41
4 30
8 39
5 5
7 44
2 37
2 20
7 23
10 43
9 11
4 33
8 19
7 17
6 40
3 13
8 40
4 37
9 42
10 50
2 31
4 25
3 13
3 5
6 37
3 37
10 23
6 28
10 40
3 1
3 2
9 35
4 36
10 31
1 31
3 37
6 37
4 14
7 24
10 25
6 9
8 39
6 45
4 29
1 39
4 48
3 2
4 16
6 7
4 13
8 2
3 26
2 39
10 22
2 18
10 15
7 35
10 9
6 4
6 1
3 27
6 3
7 39
10 23
5 1
8 44
2 47
1 41
5 46
10 24
6 50
1 17
8 44
3 39
5 3
9 28
8 13
10 39
4 7
2 49
2 32
10 15
7 6
6 11
4 27
7 40
5 25
4 12
8 21
7 46
5 40
9 13
7 15
4 2
7 9
10 44
7 40
3 46
9 28
3 27
10 5
3 34
7 28
7 30
1 28
9 21
2 30
6 43
10 6
5 21
9 16
4 17
2 45
2 48
10 33
9 34
5 39
1 5
9 11
3 50
6 25
9 7
5 26
4 29
7 19
5 45
2 43
4 32
6 28
9 1
6 1
5 34
8 32
3 4
7 35
3 24
8 7
3 5
4 20
7 36
8 44
3 27
7 8
6 22
4 14
1 38
7 50
5 48
2 31
6 46
8 6
1 30
8 5
8 50
7 19
4 34
7 35
1 34
6 29
7 7
6 47
1 30
1 48
10 50
2 17
6 17
4 30
6 6
1 29
1 11
1 30
6 25
5 36
9 9
8 9
10 28
3 35
3 31
6 18
3 16
5 45
7 47
3 31
9 46
4 21
8 25
10 46
8 1
8 13
10 39
2 19
7 22
5 3
6 22
4 16
5 19
3 9
2 40
10 40
2 44
2 6
7 27
1 36
10 27
10 22
6 41
10 9
6 24
7 10
1 44
10 15
1 17
3 18
8 42
10 17
4 4
4 47
9 32
10 14
10 23
3 7
6 35
4 26
1 23
5 26
6 37
6 15
3 30
4 12
6 28
5 6
6 13
8 34
2 33
2 43
5 36
5 28
4 16
9 1
9 31
1 47
1 12
5 35
6 39
1 38
5 6
9 49
2 39
3 5
4 21
5 28
4 25
5 19
9 35
8 35
3 4
5 21
7 20
1 4
10 6
3 37
5 6
7 34
7 7
6 19
6 23
8 27
1 24
1 24
9 11
9 7
8 45
6 47
9 23
8 23
6 16
8 8
7 30
2 40
5 32
5 35
10 34
10 45
3 12
5 19
9 49
4 10
6 48
5 32
1 20
8 26
10 26
5 6
3 32
2 13
9 10
10 42
8 13
6 5
2 23
7 34
7 45
8 50
8 42
7 32
4 22
6 1
10 23
5 35
8 42
5 3
8 22
3 26
5 13
10 16
10 12
7 21
4 32
6 12
1 21
6 12
1 40
4 41
5 30
10 28
2 4
10 49
8 35
6 23
10 25
1 50
7 28
4 8
3 16
8 35
9 42
3 15
4 18
3 12
5 2
3 13
2 42
1 19
2 10
6 28
1 4
1 48
9 35
4 43
5 50
5 23
10 33
5 20
7 14
2 36
5 38
8 21
1 39
3 29
9 6
1 24
6 44
5 29
7 46
5 4
4 49
3 31
9 27
1 36
3 27
7 29
3 19
7 34
6 49
3 15
8 29
3 47
2 41
2 25
5 1
4 47
5 46
9 2
10 37
4 22
7 4
7 35
10 36
8 43
6 42
10 5
4 26
9 13
9 49
1 29
6 12
7 3
5 49
6 7
5 39
8 6
8 50
9 23
1 3
1 22
4 35
5 19
3 2
7 13
5 7
9 12
1 7
4 18
8 11
9 45
9 14
5 26
6 21
9 27
8 44
7 10
1 34
9 45
9 9
7 32
5 1
1 50
2 3
3 41
7 48
3 33
6 34
10 29
3 24
10 49
9 46
10 17
5 38
6 6
9 50
6 48
2 25
2 30
1 17
6 28
10 9
3 9
8 28
2 46
5 12
7 32
1 22
6 28
1 9
2 17
10 31
10 47
10 14
5 23
3 44
5 48
10 7
2 40
10 27
8 29
2 25
4 10
8 13
4 9
1 22
4 18
2 4
3 48
3 36
9 8
1 15
5 15
6 23
8 19
4 29
9 38
8 28
4 19
3 50
6 26
3 11
1 20
2 47
1 16
1 40
5 48
8 38
6 44
10 28
7 12
10 45
3 27
10 46
2 44
9 22
2 50
8 34
3 15
9 24
8 47
3 20
2 45
8 34
10 13
2 6
10 1
6 4
3 15
1 5
8 41
7 20
1 10
10 26
4 36
9 37
7 4
8 2
5 22
1 48
2 39
1 50
10 47
3 11
4 43
2 33
4 48
9 43
6 15
7 41
5 33
7 46
4 22
3 5
7 21
7 37
1 22
8 13
6 42
6 47
3 28
4 36
2 31
4 8
1 39
4 2
7 30
8 11
5 14
9 41
9 9
4 31
2 15
1 46
1 26
7 9
10 46
6 7
8 24
2 49
7 16
6 29
4 44
9 22
9 39
3 12
2 15
1 46
5 46
4 18
8 14
2 14
1 23
9 27
10 38
3 29
1 1
9 49
4 31
8 8
6 26
7 16
8 36
4 25
2 16
5 8
6 12
7 17
6 39
2 17
10 39
8 18
2 13
1 6
1 5
5 43
6 41
7 44
6 21
1 43
8 29
5 35
1 38
7 5
4 49
8 31
2 45
10 44
7 3
9 38
8 49
2 27
8 27
1 25
2 14
10 10
7 23
6 18
6 14
10 24
7 36
8 37
10 41
10 46
3 48
3 18
2 1
9 14
4 41
2 25
3 34
9 41
3 42
10 11
7 50
10 49
6 16
5 25
4 1
7 44
10 29
2 50
10 34
10 46
4 43
9 37
4 21
2 29
6 7
7 41
5 31
8 33
3 25
4 12
2 9
7 16
3 43
5 24
4 17
1 5
6 45
8 32
5 30
7 48
4 25
7 31
9 37
10 3
5 40
2 15
2 50
3 47
1 3
5 32
4 39
6 5
7 24
9 3
9 48
8 37
3 50
6 17
6 19
2 41
3 32
2 4
2 24
6 13
4 10
4 42
10 39
3 26
7 33
7 46
8 16
8 14
10 29
2 17
5 14
3 4
5 25
7 6
9 39
7 31
10 40
5 18
9 11
2 20
4 12
2 49
9 19
9 17
3 21
1 30
5 20
3 35
1 43
4 28
5 30
3 13
4 15
7 8
8 32
1 49
5 41
5 15
6 1
1 3
8 30
9 10
6 32
8 47
4 3
6 24
1 45
7 5
1 10
1 14
5 40
2 37
10 23
4 50
10 41
9 45
4 16
5 44
1 44
3 6
1 50
6 21
3 20
9 38
10 18
9 13
6 29
5 25
5 47
7 12
7 6
3 38
7 41
7 21
3 6
6 41
1 45
6 16
9 29
10 36
3 44
10 9
8 16
8 45
6 48
1 20
8 38
10 23
3 35
3 2
6 12
4 31
4 19
4 38
9 38
9 38
8 2
1 46
8 45
1 20
6 18
8 24
7 4
4 40
10 3
7 12
1 1
1 39
6 11
10 29
6 32
9 9
10 26
2 48
10 28
5 15
9 45
1 7
5 11
10 23
2 4
4 21
1 48
1 3
3 23
10 37
4 43
9 23
2 5
4 5
10 27
1 4
1 14
10 27
1 49
10 21
10 8
5 36
7 14
3 38
4 20
2 31
10 29
3 44
1 3
1 46
4 48
6 7
4 39
9 16
4 35
6 37
8 40
6 19
2 22
3 25
2 10
5 14
8 43
5 16
10 27
5 20
7 5
10 30
1 15
1 36
8 44
5 25
5 45
7 12
1 7
9 31
6 1
8 29
9 29
4 13
7 5
7 16
8 45
6 15
10 25
1 35
9 25
5 39
10 33
5 50
10 38
7 29
9 34
8 1
1 41
10 34
9 4
8 12
8 38
3 29
1 47
7 48
10 8
1 6
4 6
5 46
2 7
10 40
8 50
9 48
9 36
2 14
6 28
5 48
5 24
5 41
7 1
1 38
8 34
1 45
7 30
9 42
1 14
2 9
9 41
5 30
1 14
5 7
1 16
1 1
7 38
1 11
4 6
3 49
10 8
2 9
1 46
8 49
10 9
1 45
10 9
9 30
2 39
6 41
8 18
8 14
2 50
5 48
6 29
4 23
9 14
2 2
10 35
2 3
10 3
6 3
6 33
2 25
8 29
1 25
5 29
10 27
7 48
4 44
9 30
3 27
6 26
5 31
4 3
4 33
3 4
2 23
8 26
4 24
5 25
7 48
3 15
4 41
9 10
7 45
6 41
1 37
8 12
8 1
1 47
2 17
3 5
7 24
9 22
8 41
5 41
8 6
7 7
8 20
4 44
4 25
3 31
5 41
4 14
5 42
2 12
1 15
7 1
1 48
4 41
9 15
8 29
10 17
9 50
9 40
9 20
10 21
10 11
4 31
9 44
2 10
5 48
9 34
4 35
6 36
8 22
5 9
10 4
4 13
8 47
8 11
10 31
8 34
10 27
8 36
8 2
7 8
10 44
2 14
10 23
10 34
7 15
8 23
6 38
5 42
1 9
2 27
1 43
3 5
5 38
5 27
6 41
8 25
1 50
1 6
9 8
4 43
1 25
1 24
7 49
3 21
9 9
8 33
3 50
3 5
7 28
7 43
10 18
5 41
9 47
9 18
6 11
5 10
2 1
5 21
5 1
9 29
2 3
1 23
2 45
1 44
5 24
3 35
1 33
8 5
10 38
4 25
6 38
7 46
5 16
2 2
10 45
1 18
3 6
10 38
7 6
4 38
1 1
10 47
3 27
7 44
8 27
7 38
1 3
2 48
7 43
7 3
4 19
2 27
4 36
6 15
1 6
10 7
3 34
8 29
8 31
7 22
4 1
5 3
10 7
10 6
3 29
7 16
3 41
2 48
3 12
2 36
3 4
5 44
5 38
3 18
9 7
6 37
5 9
2 32
7 2
7 17
3 10
2 34
1 23
9 49
6 17
3 45
6 35
8 43
7 2
2 10
5 30
8 4
5 39
3 18
10 23
8 49
5 47
1 2
6 1
10 41
6 6
3 3
3 14
8 44
6 18
7 46
7 17
5 46
3 31
10 3
8 10
2 29
2 42
3 11
1 28
5 2
2 10
7 41
8 31
2 47
2 41
2 42
5 6
3 28
5 7
5 38
6 48
9 5
5 41
4 38
1 23
3 47
9 8
1 36
2 3
7 6
9 16
10 10
8 49
5 14
9 34
8 16
3 15
5 8
2 21
8 6
2 48
6 2
2 10
1 18
5 49
7 43
6 49
6 13
4 34
2 16
4 19
7 14
5 25
6 41
10 36
10 6
10 37
5 33
4 29
6 33
3 23
8 42
9 11
8 39
8 15
7 7
2 20
6 10
8 16
3 21
5 21
1 22
7 10
3 29
10 9
3 30
3 20
5 13
2 2
6 32
4 22
4 32
3 11
9 21
9 48
7 45
6 35
3 3
7 35
10 10
6 3
1 46
10 26
3 40
4 20
3 33
1 1
3 4
5 28
3 25
7 30
3 50
1 40
7 37
10 43
2 8
7 50
3 43
8 14
9 36
3 33
5 22
9 11
1 21
2 45
8 18
10 22
9 39
2 46
8 47
7 14
6 48
2 7
6 18
3 7
10 35
7 41
2 13
5 49
9 33
1 24
5 41
2 39
10 34
9 47
8 14
4 6
2 40
1 43
7 17
10 5
3 38
6 46
1 31
5 23
1 37
6 23
8 15
6 5
9 3
7 20
4 12
2 34
1 31
3 39
10 4
4 19
3 41
10 39
8 18
4 48
6 10
3 46
8 36
9 7
4 13
1 36
9 34
1 10
6 8
5 43
4 13
5 2
10 17
4 4
1 28
1 11
6 47
9 37
1 30
3 19
5 10
4 28
10 39
2 50
4 20
6 6
2 36
1 3
4 30
3 7
7 40
7 17
7 18
2 9
9 12
8 15
9 31
6 28
2 49
1 10
10 2
3 24
4 11
3 7
3 40
7 47
3 27
6 48
9 31
7 19
10 32
3 33
4 15
6 4
9 41
7 22
4 21
4 38
1 10
5 44
10 21
1 11
1 41
1 27
8 13
3 11
2 21
1 9
6 33
3 32
7 14
4 49
1 24
10 7
5 10
4 41
6 45
8 18
7 21
10 1
9 43
9 27
6 24
9 38
5 16
6 17
8 30
9 40
9 18
2 9
5 13
9 34
4 29
3 42
2 40
8 30
2 18
6 1
3 38
7 14
2 39
2 14
3 20
10 33
6 42
3 31
4 33
1 25
6 35
1 17
6 17
10 39
6 50
4 9
9 33
5 18
4 41
3 29
8 11
6 25
10 40
4 43
10 17
7 15
3 12
1 12
9 3
1 27
4 47
2 27
7 22
6 26
6 31
7 14
2 11
7 31
9 30
9 13
8 33
8 40
8 42
4 40
6 29
10 30
6 50
4 18
5 19
10 39
1 26
3 44
4 3
2 32
6 11
5 30
6 10
10 19
7 40
3 43
3 18
8 17
6 42
6 50
5 20
6 5
6 3
8 14
10 20
1 49
3 44
9 42
7 4
8 7
5 42
6 18
7 20
10 5
1 32
9 34
10 46
7 20
8 4
5 4
9 14
10 15
5 14
5 11
5 6
6 31
6 44
8 13
5 29
3 33
4 44
7 50
3 30
5 40
2 42
3 20
6 30
9 23
9 14
2 14
3 44
6 26
1 22
2 24
8 43
10 46
2 16
8 45
4 34
2 27
9 36
4 12
3 22
8 40
10 49
4 35
1 2
5 29
3 34
8 43
10 29
4 6
7 49
8 19
7 22
7 24
4 49
9 27
2 45
7 20
1 36
5 34
3 49
4 8
6 12
7 8
6 19
10 18
3 32
3 39
10 1
5 23
8 45
7 38
2 40
8 46
1 4
3 30
10 33
3 19
9 46
10 39
1 50
9 16
9 21
10 35
3 35
10 11
10 36
3 4
10 21
9 27
3 50
10 30
5 7
6 3
3 8
10 41
8 22
4 17
6 37
3 6
1 23
5 25
3 30
1 33
5 17
7 13
9 34
3 25
1 17
2 5
1 32
2 2
3 27
7 42
2 29
4 38
7 28
6 23
10 9
4 47
9 21
7 8
6 3
4 19
9 38
9 24
1 45
1 33
2 46
5 38
6 19
7 33
9 9
5 10
4 36
3 3
2 10
7 24
3 21
10 44
1 12
3 42
5 33
4 43
3 31
10 46
8 45
6 5
10 30
1 31
8 49
8 5
7 22
3 11
9 42
3 29
5 35
9 35
2 9
6 21
4 6
3 42
6 26
4 37
4 6
1 23
1 6
8 29
7 40
2 46
7 20
6 15
10 46
6 34
9 22
10 40
8 1
7 5
10 25
1 21
1 21
4 39
10 6
2 20
7 27
1 35
9 40
7 43
10 11
7 43
9 26
2 1
8 3
5 39
2 16
7 24
7 31
2 27
8 37
6 27
3 17
6 40
2 39
6 42
2 14
10 48
1 33
8 17
8 15
3 27
6 14
2 46
2 3
1 48
10 2
5 8
7 3
1 10
7 15
9 18
1 45
5 27
7 19
1 23
2 23
8 38
4 42
9 41
10 20
8 13
3 12
6 13
6 3
8 5
1 42
4 19
2 16
4 20
7 44
7 18
5 3
10 5
3 11
2 31
3 16
1 41
9 38
2 9
9 6
1 47
3 13
8 34
8 39
4 31
2 21
10 9
9 41
2 45
5 23
7 40
7 14
1 41
8 3
2 2
1 31
10 16
6 38
1 48
10 6
6 15
3 27
10 33
3 17
2 30
8 46
2 50
2 49
3 19
8 30
2 19
10 12
2 8
7 7
10 14
9 14
4 42
5 30
2 26
3 32
9 3
3 1
7 49
3 19
5 18
6 48
6 19
10 38
7 36
9 17
7 22
8 21
2 34
2 1
9 37
1 23
9 23
2 27
1 49
6 45
5 15
10 16
1 26
10 18
8 3
10 50
7 2
8 28
3 36
1 16
9 14
8 42
2 32
8 14
6 22
4 18
10 50
10 42
3 34
3 28
7 23
3 11
2 21
9 22
8 24
9 28
7 47
10 15
3 25
9 8
10 36
8 5
9 9
5 35
2 43
1 21
10 41
9 41
2 37
10 7
7 2
10 50
9 19
8 6
10 37
2 45
7 31
8 6
4 11
9 45
2 16
7 44
7 38
3 48
6 36
5 3
6 32
5 50
10 25
4 33
3 22
9 35
10 5
3 42
6 14
8 1
7 18
4 25
3 47
10 3
9 27
6 1
4 12
3 29
5 12
4 41
3 39
4 8
7 46
4 5
9 36
9 43
9 49
10 47
4 36
10 33
9 16
10 30
4 37
4 34
8 18
1 39
8 49
4 48
2 27
4 46
7 10
1 22
10 49
8 33
9 45
2 7
9 23
6 23
3 35
5 40
9 21
2 21
10 7
9 23
3 5
6 2
1 32
10 19
4 19
4 1
8 24
3 19
6 29
1 38
2 18
5 43
4 16
7 33
8 43
6 39
6 46
8 23
4 40
6 3
8 14
5 20
6 39
8 34
3 2
4 13
2 8
10 24
8 30
6 36
9 26
5 27
6 23
9 21
1 49
9 49
8 40
2 27
9 7
10 50
10 41
2 33
3 19
7 23
7 15
5 18
10 39
1 2
5 45
2 49
2 16
9 41
6 40
5 32
7 20
8 43
8 29
8 7
10 32
4 25
3 33
2 1
4 30
6 30
7 38
7 41
9 37
7 3
5 46
2 10
2 24
1 34
10 18
2 37
7 31
8 6
1 39
10 33
6 1
6 49
4 19
5 36
5 29
3 34
3 10
6 32
9 6
7 23
3 23
10 18
8 8
10 39
8 12
4 31
1 34
6 24
10 45
8 11
5 17
10 48
8 13
2 42
7 12
7 21
2 38
3 30
6 31
10 25
5 14
5 16
6 31
4 34
6 46
4 19
5 6
10 48
10 25
4 5
8 18
3 41
9 36
9 25
10 2
7 16
9 23
7 9
8 36
6 10
4 15
7 13
9 3
9 11
5 27
5 50
5 38
7 42
7 34
9 43
6 42
4 24
9 44
1 16
10 9
10 6
4 19
9 49
2 34
6 4
9 50
2 21
3 7
5 20
3 3
2 8
4 13
6 39
6 50
8 40
7 35
6 19
1 39
2 2
1 42
3 48
2 12
7 15
6 21
3 22
6 30
9 9
9 37
3 5
9 4
9 46
6 31
8 44
1 35
6 14
10 40
8 12
2 5
3 20
2 40
2 21
3 18
9 38
5 21
9 1
5 12
4 50
8 43
6 10
4 2
6 3
5 49
4 9
8 49
1 21
1 11
6 31
2 8
1 30
7 39
3 4
10 12
2 40
3 26
9 36
4 47
2 25
3 26
7 44
4 49
7 13
5 18
8 6
2 1
2 20
4 23
6 42
7 7
7 31
7 39
3 34
5 46
9 24
1 3
7 6
6 44
6 36
2 25
5 49
8 7
7 35
10 17
1 10
4 23
1 3
3 40
3 16
9 48
5 9
3 13
3 2
5 34
10 47
10 23
8 23
10 25
2 28
9 31
1 10
10 35
7 50
5 18
6 8
2 36
9 32
2 1
9 13
6 44
1 35
3 10
2 2
2 23
2 11
5 8
4 48
5 6
3 25
5 50
2 45
5 28
9 16
7 22
6 13
10 18
6 5
1 18
9 44
3 29
7 8
9 22
2 50
9 24
1 38
8 38
7 23
9 27
3 6
4 18
6 47
2 2
4 29
7 29
2 43
9 12
9 26
2 17
10 18
1 47
10 17
4 30
10 15
2 28
9 11
3 2
7 4
8 33
8 6
6 17
9 4
9 14
9 25
6 23
5 18
2 26
7 1
9 10
1 34
9 49
5 2
8 15
3 3
1 28
2 11
8 29
4 6
1 14
5 45
4 42
6 14
1 42
4 8
2 42
8 10
4 48
1 18
5 24
2 24
10 3
9 22
10 31
8 14
10 15
7 15
4 11
4 14
5 31
9 12
3 38
10 22
8 41
9 8
10 18
9 9
7 10
8 49
1 37
2 49
5 16
3 2
8 50
9 10
5 30
7 16
1 40
6 10
2 28
10 12
7 19
3 20
1 8
7 13
5 24
8 2
9 2
1 12
5 9
7 50
1 21
8 12
10 49
5 49
10 11
10 17
3 32
6 15
3 21
8 45
10 50
7 29
7 44
4 40
2 8
7 23
8 2
2 12
5 30
10 22
3 34
6 2
3 36
2 3
5 34
6 42
2 19
8 34
3 21
4 26
5 41
10 49
3 20
4 17
6 15
7 37
8 47
2 42
3 34
6 50
4 26
8 37
6 42
5 44
6 28
5 14
10 29
1 17
6 12
4 49
4 19
3 15
1 36
9 34
7 24
6 6
7 46
2 40
8 45
10 7
9 27
10 50
8 46
8 48
9 40
2 42
4 39
4 18
6 5
5 16
5 43
4 44
5 35
1 36
3 22
5 5
3 29
9 6
9 12
6 14
10 17
3 5
7 44
6 21
6 16
6 13
1 28
10 46
3 8
6 9
7 26
2 49
7 26
3 14
2 45
2 41
9 36
10 24
2 26
1 19
1 21
6 6
1 14
9 45
9 11
7 34
7 15
6 3
2 23
9 13
8 35
4 1
9 49
1 11
3 8
7 32
9 24
9 38
6 12
2 46
7 15
10 4
7 17
8 44
2 40
8 3
1 9
9 6
8 34
8 49
9 11
7 33
2 50
3 16
6 2
8 6
9 24
6 47
2 8
8 39
9 2
7 19
3 27
2 39
4 50
10 12
2 45
7 18
10 9
4 17
1 19
1 12
2 18
8 34
10 24
9 8
1 41
7 4
1 41
1 43
10 38
1 46
1 13
4 8
7 6
9 40
4 8
8 1
4 36
3 43
2 26
8 39
7 40
3 49
7 30
2 8
2 32
1 46
7 42
1 26
10 17
8 44
6 10
6 26
7 39
7 43
8 22
1 16
5 31
10 38
7 8
5 49
4 22
3 25
9 32
3 42
9 28
6 23
4 1
1 1
8 19
1 11
10 6
8 45
8 45
9 8
8 21
3 24
9 17
9 35
10 30
1 33
6 41
3 50
10 28
7 31
1 46
10 28
8 45
8 23
9 44
2 31
1 45
3 17
1 38
4 3
3 49
9 7
8 13
2 44
6 14
3 6
4 47
9 41
7 33
7 11
3 22
10 42
8 10
6 37
6 33
10 4
1 42
8 30
3 32
1 14
9 30
1 17
3 6
9 7
4 30
10 29
8 16
3 31
5 33
6 19
8 41
7 47
1 32
4 6
1 27
6 5
8 13
7 28
3 4
6 27
5 45
6 30
9 6
9 48
5 36
1 5
7 32
8 46
6 9
2 46
10 28
7 25
7 23
8 32
7 18
10 1
1 12
6 44
3 48
1 20
9 25
3 35
2 28
1 27
5 10
9 37
2 16
2 27
2 47
10 36
6 49
1 33
1 43
4 45
9 39
6 43
7 6
9 32
3 40
5 12
9 29
4 44
2 11
4 20
6 32
9 21
1 18
2 17
7 42
1 42
2 18
1 32
3 31
6 43
6 23
1 20
2 29
8 22
10 44
5 33
2 29
10 18
6 30
9 26
7 7
1 25
4 36
7 13
4 23
10 36
8 44
7 16
3 13
5 29
4 18
2 9
2 43
1 40
8 17
1 15
3 37
8 2
6 12
1 41
10 48
8 14
3 21
10 20
8 20
8 18
2 41
3 1
7 22
2 16
2 18
3 9
9 8
1 2
1 35
10 3
6 12
7 25
5 30
3 33
4 5
3 2
8 8
3 20
8 11
8 24
6 15
7 8
1 44
1 24
8 38
6 4
3 23
7 30
3 24
7 6
10 8
8 18
9 34
8 28
10 39
3 19
7 12
4 39
5 8
8 17
1 50
2 34
6 41
3 23
3 33
4 16
1 18
5 8
5 37
10 18
8 22
9 19
2 36
8 13
5 12
2 46
1 48
2 2
4 49
2 3
7 26
5 47
1 21
8 36
4 49
3 44
9 21
3 49
5 14
2 26
1 36
6 42
9 17
3 22
4 11
8 30
7 40
6 47
7 10
9 19
1 30
9 38
7 11
5 47
7 14
5 14
2 21
10 1
10 30
1 46
6 37
6 6
10 27
1 29
7 32
5 24
2 30
4 42
3 31
8 50
3 18
5 14
2 9
3 41
7 30
1 34
3 8
7 38
10 32
7 35
4 38
10 39
3 3
4 34
6 46
8 27
8 39
3 6
4 32
6 2
6 34
2 6
7 12
9 5
5 19
8 9
1 19
1 47
4 14
3 37
10 43
5 45
3 10
3 22
10 35
10 9
10 41
3 20
6 32
1 7
8 10
2 32
8 11
7 13
3 30
1 15
7 42
8 7
4 7
6 8
8 40
9 43
4 14
5 3
9 31
8 45
1 18
10 48
4 35
7 1
10 31
9 11
8 32
8 40
1 32
1 1
10 43
2 50
9 25
5 39
7 30
2 20
10 20
3 43
7 50
7 17
7 43
9 24
4 18
10 28
3 38
4 4
5 6
9 24
7 50
3 27
8 2
4 35
7 46
3 24
9 40
10 6
7 48
2 7
9 37
9 44
8 33
1 23
7 41
8 14
7 48
4 16
2 3
7 22
5 47
10 37
5 46
8 33
9 14
2 9
7 18
3 10
8 45
7 23
9 21
6 8
6 45
2 23
4 48
3 42
2 50
1 22
5 35
6 46
8 42
4 42
3 47
10 21
5 19
9 13
7 38
4 11
7 1
5 27
6 45
5 22
4 14
2 44
1 3
10 46
10 23
10 37
4 41
4 49
9 30
10 1
5 42
6 39
7 7
2 20
3 6
3 46
5 16
1 9
2 41
2 14
8 27
10 48
10 33
4 3
7 6
10 50
5 10
10 14
2 47
3 25
4 4
4 22
6 39
1 6
3 38
1 46
6 22
2 27
10 31
10 6
10 50
1 45
2 46
3 35
9 6
4 2
10 13
7 5
5 7
2 41
7 45
1 20
8 28
2 1
5 48
3 9
5 47
1 16
8 28
7 26
3 40
8 24
4 41
8 18
10 11
5 26
8 38
9 4
2 21
7 21
1 18
9 35
8 26
8 44
9 37
3 46
5 16
10 40
1 38
3 5
2 24
10 13
10 32
3 12
5 41
5 25
8 13
2 47
1 4
8 28
5 15
4 23
8 10
4 33
5 50
10 35
7 44
5 3
4 38
6 18
9 7
1 44
8 25
1 34
10 28
6 26
3 4
7 13
10 19
2 6
9 50
9 27
3 43
7 34
7 18
5 18
10 7
3 29
4 27
2 36
7 33
7 25
3 42
8 31
2 42
5 23
3 22
7 44
8 8
4 44
10 2
9 14
3 36
6 27
9 32
3 31
5 22
1 7
4 16
10 25
5 37
5 27
5 18
7 46
7 46
7 20
2 18
4 50
8 18
2 45
10 43
2 46
7 22
7 13
2 46
1 50
1 29
7 42
8 1
2 10
8 34
4 24
8 50
1 31
8 26
3 34
3 29
8 29
2 31
10 20
5 26
1 48
9 36
7 14
5 21
6 33
3 26
10 39
1 16
6 23
2 14
1 9
6 43
10 19
8 8
2 37
3 13
4 43
8 21
8 17
2 45
2 25
1 6
3 3
2 26
9 3
2 31
2 19
2 40
8 13
3 48
4 3
6 21
4 8
9 19
8 1
9 10
10 20
2 10
9 30
8 25
2 34
8 35
8 40
10 6
6 44
9 15
6 27
4 42
6 3
1 27
4 3
1 23
3 9
6 49
7 47
9 44
5 38
5 17
7 5
6 4
2 11
10 29
10 12
3 50
4 13
7 12
3 41
5 1
6 32
6 24
9 50
5 25
6 42
3 33
10 12
3 15
2 39
5 41
9 2
7 1
9 32
8 11
4 16
1 12
1 46
6 15
8 7
7 1
2 43
8 18
5 49
6 9
3 45
2 1
2 41
10 46
2 44
10 3
7 21
5 3
7 9
10 43
6 28
4 45
1 1
6 32
3 4
4 49
4 48
1 27
8 45
8 42
2 46
7 13
9 17
10 46
3 28
6 13
9 20
7 25
8 20
10 34
8 14
10 10
7 48
1 30
8 37
9 26
4 31
3 16
8 33
6 47
8 17
8 39
10 42
8 44
4 7
8 50
1 43
5 19
8 26
5 49
10 32
5 8
9 35
9 27
1 29
5 45
4 13
5 37
9 27
5 43
8 27
9 48
4 46
3 9
9 36
8 24
6 33
8 19
2 46
9 1
2 24
4 10
5 1
9 22
6 12
5 2
5 37
2 6
5 15
9 36
10 29
5 47
9 6
10 16
2 2
6 41
2 2
6 14
4 49
8 31
6 4
6 29
1 25
8 2
2 17
5 41
4 29
2 1
6 47
5 39
1 24
7 34
9 38
6 19
4 49
1 8
4 8
3 40
1 13
8 14
7 21
10 11
4 17
4 31
7 45
5 46
10 17
4 1
5 33
10 1
10 31
6 19
2 1
8 45
1 48
5 46
8 47
9 9
10 48
4 49
2 21
4 49
10 26
8 9
1 14
8 15
8 11
3 41
4 36
2 2
6 49
7 28
9 36
8 2
10 47
10 3
4 16
7 40
1 2
7 39
6 10
8 41
9 50
1 25
2 32
3 13
9 39
6 5
6 8
3 26
3 21
7 48
8 47
6 42
7 48
7 18
5 3
7 25
8 35
10 17
1 22
8 43
9 40
9 10
1 1
7 32
3 22
10 4
5 22
6 27
1 14
2 31
9 4
2 33
7 40
2 8
8 33
5 3
9 43
6 29
5 48
7 27
2 42
5 20
3 36
7 45
3 20
1 39
6 15
1 5
9 8
1 43
3 14
9 39
9 39
7 12
10 44
9 10
8 24
7 17
9 34
9 34
10 36
10 12
5 42
4 8
7 29
7 19
6 28
10 8
4 29
2 38
4 45
8 25
2 12
3 26
2 38
6 1
1 25
6 41
8 25
1 26
5 17
7 33
7 10
9 39
6 48
9 40
3 33
2 23
6 43
10 34
4 44
1 19
5 46
8 36
6 2
1 29
6 42
10 36
3 44
3 29
9 41
10 44
3 33
3 1
10 47
9 34
5 19
6 1
9 5
9 34
3 49
9 44
9 42
8 6
9 14
3 2
5 11
8 30
2 19
4 26
3 35
4 18
6 14
10 39
5 32
1 18
8 49
2 9
10 15
10 22
3 44
6 5
4 8
3 34
4 32
8 1
7 21
5 3
10 38
5 20
2 30
2 4
10 18
2 47
4 39
7 41
9 47
4 27
3 18
7 4
9 41
5 38
7 28
10 39
1 10
8 16
10 14
9 13
8 35
5 11
1 28
4 1
8 41
6 20
8 49
7 2
1 17
10 18
7 23
6 20
10 50
5 28
7 16
7 41
5 5
6 34
6 30
2 6
4 2
6 33
6 19
9 29
1 22
2 14
9 18
9 27
6 30
8 42
7 36
10 31
8 17
1 27
10 22
2 3
7 5
1 25
2 46
10 1
1 29
9 13
2 16
7 21
5 17
3 16
10 2
3 11
4 31
4 12
9 44
4 11
6 8
8 38
3 45
9 5
8 8
1 20
2 43
9 18
5 32
5 37
9 36
9 44
1 32
10 50
6 35
8 50
9 9
6 19
10 41
5 3
10 33
2 11
9 14
1 6
3 3
2 18
2 29
1 20
8 4
2 27
10 6
5 22
5 47
2 41
9 17
9 47
2 31
8 23
10 50
5 22
10 5
1 2
4 4
4 43
5 12
10 5
10 31
5 20
6 43
9 35
1 7
7 9
4 27
9 5
9 3
7 14
9 43
4 23
6 29
3 14
8 40
8 47
2 38
3 29
4 35
8 6
4 41
4 42
4 25
5 7
2 2
2 5
10 28
3 7
3 50
6 28
6 18
3 17
9 35
9 15
6 36
8 22
5 26
3 42
4 31
4 34
8 34
7 40
7 9
2 15
2 12
10 16
5 21
4 21
4 6
10 47
6 31
4 48
1 43
8 32
10 26
6 19
5 4
9 43
5 48
5 37
4 16
4 42
7 21
7 25
9 36
5 30
5 3
4 10
5 26
6 48
8 16
5 5
1 33
9 20
1 37
10 46
8 34
8 36
1 13
10 13
8 2
5 29
9 22
9 31
6 34
3 17
2 42
5 7
1 22
5 1
8 29
3 44
4 4
3 31
6 3
8 18
6 16
1 45
5 12
3 10
8 44
2 17
7 9
1 40
3 42
6 33
8 9
2 12
3 28
10 42
10 8
8 2
3 30
6 23
3 21
9 32
2 34
10 6
7 1
2 16
9 2
1 33
5 28
7 7
6 47
6 36
7 27
2 49
7 19
9 3
1 48
2 16
8 33
5 8
6 39
2 26
8 43
10 29
6 34
10 32
6 8
10 10
8 13
2 17
6 41
5 48
2 8
1 12
10 23
6 48
10 47
10 9
10 33
6 39
4 33
1 11
8 36
1 3
3 14
6 40
9 1
9 21
8 21
5 41
8 6
10 25
4 19
4 31
3 33
2 32
8 14
4 2
8 26
9 6
9 23
5 1
3 28
5 48
8 1
8 49
8 26
10 31
3 50
5 14
4 18
2 17
8 38
5 49
1 25
3 18
7 48
2 42
8 44
5 33
8 26
9 43
6 32
1 25
9 17
6 27
3 19
7 26
2 36
6 21
2 37
6 40
3 3
7 1
3 31
8 5
4 4
6 16
9 17
9 2
2 27
6 6
6 4
4 33
7 5
1 38
4 46
10 25
4 10
5 5
5 27
10 5
1 22
4 29
7 50
5 44
5 23
2 11
8 20
10 15
2 5
9 46
6 36
6 40
6 37
8 6
10 2
9 11
9 39
7 5
7 26
3 31
9 19
3 27
3 28
6 19
4 1
3 3
1 26
5 27
3 36
6 14
3 39
9 24
4 29
6 26
4 5
1 5
10 10
8 2
9 13
2 49
3 30
5 43
4 31
8 46
8 14
8 41
7 50
7 1
9 34
5 41
9 14
4 14
4 19
3 18
9 13
4 3
5 10
8 39
6 37
10 14
7 17
9 1
4 16
3 15
5 34
7 37
8 20
8 40
1 7
6 48
8 11
9 12
5 5
7 4
1 22
6 20
3 6
7 14
8 35
7 27
8 35
8 44
10 19
6 1
2 21
9 3
4 22
9 16
4 22
4 40
2 29
8 37
1 10
4 13
3 2
2 48
4 24
5 3
1 16
1 21
7 8
10 47
8 31
4 2
7 16
10 2
4 26
5 33
7 26
1 48
4 7
4 4
8 24
8 37
4 6
2 18
2 9
9 21
3 12
2 14
6 12
5 13
10 11
6 50
10 45
9 15
3 6
1 14
4 11
3 10
1 23
8 11
7 33
10 28
10 20
7 20
9 45
10 34
5 33
5 43
8 3
8 11
2 45
6 2
10 21
7 23
10 25
3 31
6 50
4 43
9 4
6 12
1 9
1 35
7 9
9 38
5 3
2 37
10 12
9 47
5 6
7 11
10 17
6 28
5 35
10 21
10 21
6 24
1 32
1 2
7 47
9 2
8 21
2 11
4 25
6 34
3 31
10 21
3 10
10 33
6 17
10 4
3 30
6 16
7 9
10 41
6 37
4 19
2 20
6 38
4 2
5 1
1 24
6 43
8 2
3 1
2 6
1 21
7 6
2 50
10 33
7 46
1 50
3 34
2 15
10 13
7 16
1 34
1 49
7 34
9 48
10 50
7 34
5 25
10 34
10 21
9 1
2 40
9 26
5 5
3 1
3 12
4 33
6 8
9 19
8 37
5 41
4 30
2 18
7 4
7 23
6 36
4 12
4 7
7 33
4 7
7 43
6 40
4 16
6 10
8 34
2 10
7 35
9 41
1 48
6 42
2 36
2 11
5 2
3 35
2 16
9 17
10 35
9 38
3 27
2 6
10 29
8 29
5 46
1 42
9 37
2 46
5 49
3 48
1 15
3 3
2 35
7 7
3 32
10 40
2 17
7 30
6 2
1 50
4 45
1 33
8 36
9 2
3 35
8 30
5 4
2 31
2 24
5 12
10 20
2 38
8 14
6 7
6 45
2 35
8 21
3 33
2 44
8 39
4 40
8 40
7 44
1 37
3 22
8 50
2 43
6 11
1 22
6 18
2 21
10 2
4 29
9 12
5 20
4 5
10 27
1 15
10 19
3 45
2 16
10 44
2 1
4 21
2 35
2 11
5 12
4 35
4 15
5 47
1 44
5 39
9 10
9 26
7 50
4 46
8 38
4 7
9 10
6 22
3 31
3 37
6 30
3 29
2 50
3 22
8 1
9 18
6 48
10 2
5 44
2 28
8 14
6 18
10 47
7 10
3 14
1 14
1 47
7 25
8 39
9 10
2 40
7 37
2 6
8 9
10 28
7 11
5 23
3 4
6 50
8 35
1 2
10 25
10 36
2 29
10 34
6 47
7 4
4 37
5 17
4 26
8 44
2 16
7 39
1 16
6 11
7 42
5 14
5 15
10 30
3 2
7 49
10 46
3 26
8 2
1 32
4 49
8 1
2 19
3 40
8 11
3 4
2 45
6 8
2 29
9 18
1 13
9 35
1 11
7 23
2 41
2 45
6 42
1 42
6 40
4 39
1 10
2 33
10 8
9 49
1 20
9 2
5 12
3 29
6 48
9 46
2 25
9 7
3 30
9 17
5 48
1 5
5 2
4 28
7 32
6 14
5 1
3 5
7 26
10 17
5 29
1 21
10 9
6 40
4 12
8 25
7 47
7 22
6 48
3 7
2 24
8 37
6 31
3 36
1 46
9 8
8 35
7 49
3 40
7 29
10 10
4 26
10 15
8 22
1 13
2 19
8 26
8 33
4 18
9 15
2 44
9 22
1 25
4 49
2 3
9 36
4 26
3 5
4 36
1 9
3 14
9 28
8 11
8 47
4 16
6 8
4 46
6 24
4 19
9 36
10 32
4 50
8 39
1 31
8 30
2 44
7 16
2 39
5 1
1 37
9 32
5 18
8 9
7 37
2 44
1 41
5 14
9 28
1 8
6 42
9 18
5 16
4 22
8 15
8 36
2 41
8 7
6 33
10 42
4 15
5 31
7 45
5 4
10 9
6 23
6 21
9 26
8 14
8 27
6 27
1 49
7 40
2 16
3 5
7 28
5 11
5 24
9 21
7 18
1 8
3 28
3 39
8 6
3 1
4 4
7 34
10 16
3 24
8 6
10 11
7 2
10 43
8 29
9 1
8 19
4 34
7 42
10 7
6 45
9 10
5 48
6 34
4 29
3 42
2 36
4 35
1 43
9 24
6 8
9 32
4 22
7 30
9 12
2 45
6 11
8 21
10 4
10 28
8 49
1 48
5 25
4 45
4 36
4 47
4 29
8 31
7 12
9 18
7 50
9 13
7 14
1 48
6 11
4 34
2 14
10 15
6 31
10 38
4 41
5 44
4 34
4 37
2 34
7 38
6 42
7 34
3 25
5 41
3 39
8 20
2 19
5 9
7 15
4 23
2 15
1 14
4 1
3 49
10 47
3 47
9 43
7 9
9 26
3 43
6 3
9 6
1 28
10 42
6 31
6 46
4 11
10 6
8 9
3 1
5 9
1 9
9 25
4 15
8 39
2 25
10 45
6 24
4 4
1 46
7 34
7 8
1 8
2 26
2 41
2 6
6 3
2 1
3 6
5 47
4 23
3 5
3 48
5 31
2 6
10 39
8 41
10 48
4 40
9 22
9 31
8 41
10 34
8 30
9 25
10 33
8 46
7 25
6 23
7 37
6 18
2 31
4 13
7 41
2 4
3 7
1 22
7 5
8 8
9 7
7 13
4 11
4 10
8 18
1 32
10 23
7 4
1 12
3 37
2 30
6 31
9 14
10 9
1 15
7 14
6 17
1 30
6 50
5 33
3 29
10 42
7 12
5 20
5 26
3 46
3 42
9 37
5 13
9 50
4 36
4 43
9 3
10 34
1 31
8 43
5 16
7 13
1 36
3 42
1 15
9 40
3 36
1 17
5 49
8 41
2 45
9 50
4 44
2 2
8 21
5 25
7 45
1 49
8 35
1 24
10 4
1 26
1 12
1 8
7 5
1 46
1 25
5 50
1 3
7 23
1 15
9 29
10 6
6 39
1 12
1 19
2 45
7 23
3 26
7 33
7 25
6 48
2 44
7 44
7 1
2 27
10 33
9 41
8 33
5 45
8 50
4 37
6 39
4 11
1 38
6 34
1 46
1 35
7 3
7 4
3 19
9 30
7 11
1 20
9 11
3 35
6 41
9 38
1 10
10 39
7 17
9 13
7 14
3 24
2 27
3 13
8 35
6 15
3 8
9 2
6 11
1 6
7 16
4 33
8 9
9 44
4 47
7 30
2 40
8 15
7 36
8 48
5 2
5 25
2 37
5 3
3 45
5 44
4 39
4 31
3 16
3 7
3 12
9 36
10 19
9 24
2 10
4 5
5 26
9 50
1 43
4 10
3 7
3 35
9 16
1 40
10 25
10 43
2 33
9 45
4 19
3 10
7 24
6 22
7 7
9 24
3 14
9 13
9 22
10 24
4 2
1 13
3 8
1 13
7 27
6 50
9 19
3 39
2 50
9 22
6 12
10 22
6 17
8 16
7 17
9 3
4 17
1 11
7 9
4 3
3 10
6 9
8 29
2 48
5 25
5 30
7 42
7 28
5 17
7 33
4 44
6 34
2 50
7 48
7 49
3 10
2 43
8 37
6 25
9 6
10 34
7 23
3 41
6 32
10 30
6 36
2 39
8 28
7 38
6 21
10 40
9 24
8 13
7 15
5 7
9 37
4 30
9 47
7 31
4 13
6 3
1 48
7 30
4 10
2 39
3 50
3 27
8 26
8 33
8 24
6 5
1 30
1 40
1 25
6 29
2 16
10 2
8 5
6 6
7 47
5 3
6 20
9 16
6 13
3 13
8 11
3 39
1 35
8 35
2 9
5 41
8 15
6 36
5 5
6 8
10 28
6 27
7 30
9 24
4 31
5 13
8 4
10 21
2 27
8 33
9 37
5 47
5 5
1 24
10 3
3 9
10 24
10 22
1 30
7 39
4 2
2 17
8 6
7 35
10 48
5 5
7 35
5 36
4 8
7 50
9 3
3 34
3 4
3 42
6 49
7 33
6 19
1 34
9 23
6 37
3 4
8 12
8 4
2 46
3 4
9 5
9 9
3 38
4 13
6 42
4 22
6 26
8 29
8 35
5 26
8 36
3 33
4 7
6 44
5 38
7 8
4 50
5 22
3 9
4 30
8 48
6 18
7 30
9 40
3 14
5 3
5 5
10 41
3 13
6 36
5 23
7 40
4 26
7 22
2 39
7 22
6 30
9 10
1 41
3 6
1 33
6 46
8 10
5 6
1 31
8 37
10 48
10 5
4 5
3 5
1 28
6 2
1 32
3 12
9 13
2 36
2 14
2 39
6 40
6 40
3 8
9 7
10 36
9 46
8 49
3 36
7 7
4 40
4 4
8 13
9 5
3 23
8 9
6 25
9 2
7 27
7 50
4 29
7 32
4 45
9 10
9 15
4 35
10 42
10 47
3 39
7 27
10 23
6 23
10 17
9 20
7 29
4 42
9 44
6 37
5 32
6 14
7 44
5 14
3 21
6 5
1 14
8 4
9 5
5 15
4 16
7 6
4 42
8 7
2 21
3 14
7 34
5 9
6 45
2 30
8 13
9 33
6 21
3 32
4 5
9 5
1 30
4 33
2 44
8 26
6 35
4 40
6 15
5 25
2 22
7 42
1 34
1 40
10 42
10 32
6 19
6 9
1 10
10 22
3 41
8 18
2 10
4 29
10 48
6 34
4 22
7 44
7 1
5 35
8 33
4 10
9 14
1 45
4 29
4 13
3 11
4 9
10 19
1 20
1 50
7 23
10 29
7 18
1 20
5 39
5 12
8 48
7 9
10 34
7 43
6 49
3 36
6 18
9 25
8 27
3 24
1 39
3 35
3 3
5 17
5 32
9 29
7 8
4 21
3 28
10 3
10 3
9 28
2 9
1 17
5 30
7 37
2 38
1 23
8 50
1 39
8 33
4 35
8 4
3 40
9 19
3 36
5 45
3 29
8 40
8 14
8 48
6 20
6 10
9 43
4 43
6 12
1 44
1 46
5 2
4 18
4 42
9 3
1 12
5 37
6 49
5 50
10 2
5 29
2 16
3 43
6 20
8 49
3 9
6 26
4 14
1 2
6 29
3 39
5 13
7 17
6 26
7 18
3 47
8 4
1 7
2 18
8 46
7 42
9 20
3 35
4 25
3 25
10 45
4 50
10 22
2 35
4 36
3 3
1 48
7 4
9 27
8 30
1 9
2 44
6 37
5 43
8 17
4 9
1 50
6 22
8 5
2 16
7 37
9 18
10 7
2 32
7 7
9 13
5 21
5 25
5 36
3 33
7 29
8 18
3 20
5 41
1 47
1 42
1 50
5 44
3 20
3 32
10 8
1 1
5 39
6 44
6 41
1 45
7 3
9 31
2 21
8 32
10 25
7 17
2 50
6 19
9 4
1 20
3 41
9 19
9 21
10 34
9 1
10 23
10 2
6 29
5 28
8 12
2 43
6 21
4 36
1 24
6 49
9 7
6 1
7 47
7 45
2 23
3 50
4 9
8 34
5 48
10 48
6 22
3 16
7 37
10 33
10 16
10 44
8 4
5 26
6 3
8 48
4 46
6 44
1 39
8 1
4 50
5 6
5 8
2 29
8 11
5 30
3 8
7 34
2 30
7 48
6 18
3 43
5 35
3 45
4 40
3 5
4 28
5 30
3 4
7 8
1 48
7 4
5 32
3 26
7 34
5 32
9 15
9 28
2 17
7 31
2 12
10 40
7 11
1 41
2 47
8 37
8 34
2 37
7 29
9 27
9 23
1 15
9 31
1 5
2 35
3 27
9 47
2 4
5 32
1 44
3 24
5 13
4 16
1 4
9 4
5 28
6 9
6 36
6 11
5 33
3 26
6 15
9 22
6 45
5 17
7 41
1 5
6 23
7 10
7 46
1 15
8 46
7 35
3 17
4 4
6 34
10 5
3 49
5 49
7 26
3 24
3 10
5 29
4 20
1 26
10 22
10 24
9 40
6 43
10 29
7 3
9 30
9 7
1 33
5 16
9 3
2 30
6 34
5 29
9 24
7 14
9 1
3 16
1 3
1 24
7 9
9 21
1 46
8 35
5 1
10 19
9 3
1 31
1 15
3 15
9 12
10 39
10 7
3 27
4 46
9 34
9 41
10 23
3 31
3 20
5 27
2 6
9 34
7 36
8 19
2 14
2 21
10 25
10 32
6 8
1 4
1 19
5 14
10 43
8 31
7 19
4 27
8 27
2 21
6 50
7 17
10 23
8 4
10 45
4 37
8 15
1 41
4 26
3 4
9 4
3 26
9 47
8 44
5 37
1 30
4 31
10 27
5 18
9 8
8 19
6 6
6 17
2 34
9 38
4 8
7 5
10 28
10 31
9 40
4 8
2 31
7 21
4 9
10 31
5 32
2 49
10 16
6 26
8 16
2 15
9 7
2 42
4 32
3 46
10 47
4 36
6 30
2 45
1 46
1 33
5 21
1 23
8 43
7 22
5 24
2 27
2 19
9 33
5 3
1 45
3 5
10 28
10 27
5 22
2 38
4 47
1 48
5 37
6 14
2 9
5 24
4 11
4 39
3 32
1 28
9 15
10 4
2 45
4 1
10 22
2 17
10 2
1 28
10 27
1 47
10 30
5 12
8 39
2 32
6 23
2 14
7 47
5 28
10 6
2 1
8 24
10 22
3 10
1 2
6 49
10 21
10 31
2 8
1 8
3 6
7 3
6 6
1 42
8 19
3 21
2 39
3 44
7 49
10 31
9 3
5 7
3 30
9 35
6 20
4 29
10 32
5 36
8 50
1 45
8 12
4 8
7 34
1 36
10 46
10 11
7 14
6 15
7 35
2 23
1 15
1 28
3 25
2 46
8 36
6 24
8 1
3 20
1 2
4 17
4 22
3 25
7 18
9 47
2 37
4 6
8 27
1 33
2 7
5 13
9 44
6 42
7 34
6 48
10 7
4 12
8 49
2 22
2 8
8 9
5 34
6 20
7 28
5 49
7 41
6 22
2 29
8 45
3 43
2 33
5 24
6 4
1 19
9 5
8 43
10 25
5 32
5 1
8 9
10 8
7 16
2 34
6 42
9 6
7 22
10 4
5 44
9 41
5 9
3 13
7 10
3 27
2 16
8 14
9 10
1 24
10 7
5 4
2 13
10 50
6 26
2 48
6 1
7 25
2 9
1 26
3 18
2 5
4 20
9 24
5 36
4 50
3 22
10 34
6 14
5 21
3 9
2 25
7 49
9 9
1 21
8 37
8 30
6 37
1 23
5 1
1 24
3 27
7 11
3 35
7 40
7 24
5 32
6 50
3 25
4 41
3 32
1 23
1 5
4 14
1 4
8 13
4 39
10 47
2 5
5 39
10 29
3 7
1 30
3 39
9 16
5 36
9 34
9 14
10 40
5 1
3 8
2 13
7 4
8 9
9 29
4 3
4 8
3 7
10 15
10 28
7 48
9 5
10 12
3 15
9 50
5 12
4 25
4 35
3 28
1 11
5 34
1 5
6 1
5 42
3 39
5 20
8 23
7 20
1 50
10 9
8 4
5 4
4 34
1 39
3 18
7 13
2 22
2 45
7 10
2 15
1 49
7 31
5 2
9 9
6 30
7 33
3 33
7 6
8 29
8 42
5 24
7 28
2 46
8 20
4 50
10 30
5 26
10 31
4 19
5 33
9 41
9 25
2 50
9 4
6 44
9 26
8 41
5 50
6 37
10 49
5 1
8 5
3 42
4 12
8 45
2 37
4 49
5 15
7 14
8 43
2 30
2 17
5 45
9 8
9 31
10 35
3 14
10 47
10 22
5 46
9 7
6 3
4 32
10 9
3 48
4 49
8 4
4 27
10 31
9 9
4 7
3 18
7 13
5 38
6 42
5 3
6 47
9 44
2 22
7 4
6 10
1 21
4 30
4 12
5 49
4 3
3 36
8 2
6 4
5 10
7 6
4 4
2 43
2 32
6 2
9 10
2 13
7 13
4 3
2 3
1 50
3 38
6 22
1 22
7 24
6 4
10 31
10 1
3 25
7 45
6 2
1 16
3 16
4 22
8 47
2 40
4 27
7 35
5 39
10 42
9 30
4 9
2 13
1 48
6 49
2 46
7 48
4 8
7 40
7 10
6 27
7 8
8 47
5 6
6 21
5 9
8 22
7 30
6 25
2 38
6 2
4 46
1 49
5 33
10 43
10 10
10 7
2 14
10 45
1 5
7 25
6 3
7 44
2 27
7 30
6 14
10 40
2 14
4 20
5 14
2 37
5 26
1 20
6 32
2 42
8 39
9 46
1 29
6 40
1 2
6 16
4 27
10 38
9 42
5 39
5 46
10 43
4 11
5 38
5 15
6 49
3 49
5 47
4 36
1 10
3 18
2 13
2 7
6 46
6 8
5 42
8 40
8 18
3 9
7 10
1 10
3 2
2 4
8 14
9 33
10 41
8 28
1 12
4 14
4 29
10 3
10 37
9 2
8 32
9 6
7 34
10 38
9 10
10 16
9 11
10 4
1 4
1 31
4 4
7 13
8 19
2 28
6 2
8 13
4 46
4 26
10 46
5 32
4 9
10 45
3 20
1 49
9 16
4 42
1 41
9 42
10 36
2 37
10 26
2 11
8 17
4 2
8 15
9 42
3 50
10 43
9 44
10 36
8 31
5 34
9 4
4 35
6 44
2 26
6 11
9 45
5 29
6 35
1 10
8 13
3 35
7 27
10 38
7 25
3 12
4 50
6 49
5 40
2 17
9 48
8 10
4 13
5 4
6 27
5 30
1 22
8 27
6 38
7 8
2 49
7 20
5 22
3 26
7 41
2 49
3 36
5 1
5 7
1 17
3 6
4 10
3 22
3 49
8 41
9 5
10 25
3 46
7 2
7 41
8 48
3 38
6 42
9 14
5 35
2 41
8 4
9 38
10 38
7 36
4 23
5 36
7 18
8 2
10 45
3 6
7 46
10 42
10 8
2 2
8 8
6 24
6 27
4 1
10 42
5 13
10 13
8 15
4 40
7 41
1 34
10 2
10 7
2 45
8 35
5 13
1 49
7 21
10 43
2 32
6 43
9 11
6 37
10 15
9 38
6 45
10 46
3 35
9 1
4 20
2 38
5 36
2 37
4 23
2 48
9 30
5 38
3 4
7 18
2 11
8 49
8 30
4 45
10 23
9 25
10 27
4 49
8 3
6 44
4 18
7 44
8 38
3 47
1 33
9 15
3 32
9 3
1 17
5 25
6 20
2 3
6 48
7 43
4 42
3 17
3 35
7 23
3 41
8 26
6 24
4 14
10 12
3 43
3 48
1 35
5 32
3 41
1 19
5 49
8 19
1 25
8 29
10 19
6 40
7 24
10 44
6 29
3 13
2 2
10 45
2 23
1 41
3 49
10 2
6 15
10 32
7 2
1 40
9 14
7 5
7 33
9 37
7 24
8 50
9 15
6 49
6 47
1 43
8 27
8 35
3 3
8 28
1 45
8 36
8 49
8 9
3 23
10 30
10 12
8 4
4 11
4 37
6 50
9 15
4 18
1 48
2 19
5 14
9 27
2 46
7 27
1 23
5 7
4 36
10 20
10 32
4 21
6 41
2 36
3 39
2 2
8 33
1 25
5 36
2 23
9 41
8 24
4 46
3 19
5 24
4 32
6 19
9 4
9 25
1 14
2 7
2 39
4 18
6 47
2 24
9 28
8 25
3 4
3 1
8 9
6 25
6 19
9 15
2 15
10 2
6 22
1 23
5 3
1 33
2 31
5 20
5 12
8 49
3 9
4 11
6 12
10 2
8 21
4 8
4 19
6 22
9 9
2 41
3 6
2 20
9 44
9 29
1 7
5 8
10 46
6 49
3 33
4 20
6 16
5 27
7 6
2 9
7 41
7 17
8 31
7 30
3 15
2 24
10 27
9 2
10 8
5 33
9 20
6 1
6 13
7 27
2 42
5 18
7 5
3 23
4 28
9 5
3 16
6 18
5 11
9 20
3 13
8 50
8 20
6 31
5 38
8 49
8 12
3 33
4 48
6 34
7 37
5 19
2 9
8 49
1 4
4 27
3 2
8 43
8 10
8 5
2 34
7 17
7 46
5 30
5 45
5 32
7 46
3 24
9 26
6 16
5 43
10 35
7 18
5 49
10 29
5 11
4 40
3 16
9 36
8 8
8 38
6 17
10 4
8 2
9 5
8 42
4 38
6 42
7 41
1 24
3 50
10 24
1 20
2 23
10 30
7 42
2 26
2 49
3 1
7 3
5 22
3 19
3 15
8 33
1 4
10 19
7 1
5 13
7 4
4 48
10 47
5 10
6 17
1 50
1 47
7 29
6 34
4 29
3 11
8 25
6 37
2 46
4 37
8 47
3 28
2 40
7 49
4 8
7 28
10 25
9 34
10 12
6 1
9 39
3 41
6 44
10 16
4 13
4 41
3 47
4 15
9 36
6 12
2 11
6 46
6 18
8 14
8 26
3 15
8 49
8 3
6 21
1 39
7 19
7 18
6 24
4 4
3 2
2 17
10 17
5 46
10 13
7 14
7 33
2 11
1 13
1 50
3 40
1 25
7 7
3 5
10 35
2 33
3 6
3 14
10 28
1 27
6 26
6 50
8 30
3 12
5 12
4 25
9 48
8 40
3 18
8 4
8 35
8 7
6 32
9 33
3 49
1 2
5 3
2 32
4 27
10 11
5 10
3 20
2 20
10 27
9 13
1 46
6 28
9 9
2 5
3 35
8 40
1 2
5 48
2 18
6 43
6 28
10 35
1 22
4 20
6 4
6 42
3 10
2 17
6 16
2 48
8 48
10 12
9 26
1 39
2 39
7 15
7 31
9 38
4 28
3 31
6 41
10 12
8 35
2 24
10 3
7 16
4 6
1 4
2 21
9 49
6 13
6 7
7 23
9 49
8 38
3 14
2 4
2 38
9 29
1 8
8 17
1 14
9 39
8 27
8 6
4 2
5 4
6 33
1 29
10 8
2 16
8 11
9 40
6 41
5 21
7 11
8 46
6 25
1 23
4 19
9 24
10 42
3 44
9 29
4 31
2 43
6 29
5 34
6 36
6 26
6 4
6 18
5 6
1 8
6 21
4 27
6 2
7 39
4 47
5 7
7 47
2 17
5 28
10 48
3 12
5 2
6 24
7 24
10 44
5 39
10 33
1 50
1 27
6 27
9 2
7 9
9 10
7 23
1 6
9 12
5 22
1 31
8 43
8 8
3 31
6 13
5 21
4 23
2 32
4 38
1 31
6 11
1 27
10 48
1 35
2 35
9 28
1 38
8 28
8 45
1 28
7 50
3 46
6 4
6 18
6 44
8 32
3 26
1 10
2 15
3 7
5 25
3 38
5 11
9 37
5 9
9 22
5 47
7 50
9 32
2 23
3 6
8 9
3 12
4 42
4 37
6 46
6 32
2 4
2 8
2 47
9 32
7 18
4 3
5 21
8 16
2 26
7 48
4 4
1 38
5 2
7 16
5 5
5 13
1 36
6 29
5 26
8 7
2 26
4 34
6 36
4 9
7 21
9 48
5 8
6 41
2 11
10 40
8 47
5 23
2 46
10 44
3 27
5 36
9 43
3 47
4 19
10 33
6 35
1 18
1 43
6 11
9 32
2 27
4 21
8 39
9 8
10 32
10 50
9 24
5 33
5 47
2 2
7 47
4 1
10 14
2 13
7 37
6 44
7 34
9 26
4 41
3 15
3 47
2 35
3 23
9 5
6 34
6 32
10 47
6 8
10 35
9 34
1 44
5 23
9 31
6 42
7 19
6 22
1 40
2 46
1 48
3 25
9 49
7 5
8 17
8 28
8 33
8 34
9 1
9 22
7 32
6 4
5 10
6 49
10 20
9 31
4 35
5 13
1 37
7 15
1 46
1 30
1 13
9 34
8 11
2 18
4 36
2 21
3 39
7 50
7 42
10 1
7 43
7 21
5 6
7 4
10 20
8 22
2 8
1 32
7 34
6 19
3 33
9 33
3 17
5 7
10 35
5 26
4 43
6 33
7 29
7 24
4 10
6 23
6 24
1 10
4 29
4 35
7 17
4 9
7 2
8 40
2 46
8 17
9 19
6 35
9 1
4 2
4 20
6 29
2 43
6 17
6 41
10 15
7 3
4 28
3 12
9 41
9 37
2 31
1 28
7 41
8 4
4 48
3 32
10 21
3 42
2 15
4 48
6 2
5 3
6 23
1 20
1 31
8 29
5 28
6 32
8 21
7 21
4 22
7 23
1 17
3 46
1 34
10 43
10 32
1 1
7 42
7 19
4 26
7 36
2 39
6 36
7 15
8 45
8 7
6 17
2 13
1 8
5 16
3 44
5 49
3 8
8 46
9 33
7 17
3 24
6 3
4 47
2 19
8 10
8 49
5 31
6 48
1 12
1 25
7 39
3 48
4 49
2 22
4 11
6 28
9 19
9 25
6 3
7 47
9 3
10 38
2 15
5 28
7 36
2 44
5 18
4 2
9 34
10 10
2 26
4 36
7 47
3 40
4 23
7 14
4 42
4 3
10 5
6 3
4 6
8 11
8 3
3 15
10 11
7 35
5 38
3 21
9 35
3 28
1 30
9 32
8 46
10 26
9 18
8 6
10 40
1 34
6 22
8 26
3 4
8 46
3 14
5 12
10 19
2 38
5 1
8 32
3 16
2 35
2 40
10 8
7 45
6 35
4 25
7 10
7 1
10 25
2 42
5 33
9 42
4 37
2 29
3 22
10 16
10 4
1 50
1 24
4 6
6 32
3 30
8 7
6 23
2 33
6 39
7 31
2 31
5 10
9 15
10 19
8 17
4 11
1 5
1 11
2 16
10 32
7 35
2 49
4 2
9 39
3 14
9 4
1 31
4 9
8 38
10 10
5 40
2 39
2 26
7 32
7 25
3 17
3 13
9 40
4 22
10 48
6 35
1 34
8 43
2 19
3 43
6 50
5 12
4 48
9 11
2 49
7 7
8 27
8 28
7 39
9 36
8 3
1 4
10 11
4 30
7 48
9 25
10 16
9 31
2 46
7 27
5 24
7 37
7 36
2 24
3 47
3 45
7 6
4 36
6 34
1 2
4 10
10 24
5 35
6 44
2 44
10 21
4 38
3 14
1 38
10 27
7 47
6 9
8 48
9 40
2 39
3 22
7 5
8 19
8 13
7 24
8 6
9 7
10 34
6 20
4 32
7 38
3 21
6 28
7 12
6 50
3 41
2 25
1 28
10 43
5 30
4 19
4 28
2 36
6 32
5 34
7 16
4 30
3 43
8 34
9 14
6 13
10 16
4 24
5 34
4 27
5 3
3 36
2 17
2 34
9 18
8 6
1 16
5 28
4 12
7 43
5 45
7 30
9 48
1 48
3 32
6 47
7 29
3 3
2 49
9 7
6 5
10 48
9 29
10 1
8 25
3 24
5 26
6 40
10 7
1 41
9 17
7 36
2 22
7 23
6 40
10 40
9 8
1 46
6 45
2 45
7 12
10 8
4 29
2 9
5 11
6 25
4 14
5 10
1 50
3 11
4 33
3 25
7 10
1 42
9 13
6 12
10 12
10 9
10 43
1 19
4 22
10 47
3 23
4 23
2 3
8 11
5 2
3 13
9 8
7 29
2 12
1 34
3 38
4 5
6 19
3 33
3 40
8 19
6 49
3 34
2 18
9 12
1 41
8 48
8 39
5 25
7 47
3 46
8 15
3 30
6 18
5 22
6 39
8 38
3 49
9 15
9 14
8 15
9 14
1 40
8 49
8 28
1 25
7 2
9 42
3 12
3 40
10 4
8 3
4 41
9 26
10 17
8 32
8 10
7 31
6 22
6 42
7 36
7 32
2 1
7 18
8 24
3 10
1 39
2 48
10 26
9 43
3 47
10 36
9 14
3 35
4 34
9 31
8 35
8 3
8 34
4 39
10 11
6 43
6 24
10 26
3 22
3 16
1 1
3 50
4 16
1 48
10 28
2 10
2 5
5 11
10 33
2 30
4 35
1 37
1 30
3 29
8 11
3 18
1 2
9 19
6 44
6 22
6 21
8 34
9 50
3 37
5 26
1 17
7 4
1 17
10 36
9 43
5 49
8 44
5 21
3 37
5 41
4 32
5 38
7 21
9 31
6 35
1 27
2 17
1 42
7 20
9 21
7 3
10 33
9 36
1 37
10 24
4 44
8 34
1 5
4 6
1 6
7 46
5 4
1 21
8 50
9 49
5 31
3 10
10 10
10 27
9 45
1 29
1 49
7 22
3 34
8 47
4 15
8 12
8 32
4 19
6 41
3 27
9 18
5 10
6 11
4 44
4 24
8 33
6 39
9 43
9 49
2 25
1 6
2 16
10 20
2 35
10 22
10 38
10 27
10 42
10 11
10 18
3 31
7 22
7 43
7 23
1 47
5 18
3 45
6 36
4 40
1 50
3 7
3 10
6 2
10 5
9 42
8 50
4 29
10 38
10 21
8 2
8 15
1 37
10 4
3 33
6 5
9 3
9 15
5 35
9 2
3 41
9 17
10 34
4 17
3 18
1 26
4 6
2 17
7 18
4 13
10 19
7 1
2 30
4 39
5 16
8 14
8 29
5 3
1 31
4 43
5 1
6 25
6 33
2 21
8 18
6 31
2 13
8 1
9 22
3 13
4 25
4 48
3 39
5 41
7 28
1 2
7 11
1 22
1 26
10 29
2 8
6 48
3 16
3 16
4 39
2 33
3 16
5 11
3 46
10 12
7 28
9 8
4 30
2 32
9 24
1 2
2 45
5 12
3 40
3 44
1 17
3 48
9 38
10 48
5 4
8 33
4 32
4 14
10 19
10 44
5 1
4 13
9 3
6 45
9 4
5 43
7 27
3 48
1 36
5 41
4 14
7 19
6 15
5 38
9 4
8 48
4 40
10 34
6 39
8 49
4 29
4 16
8 4
5 27
6 21
6 34
5 48
7 48
7 43
4 25
4 49
2 37
4 16
4 9
10 15
10 41
10 2
10 38
6 40
1 33
1 8
1 33
8 45
10 33
10 31
5 44
2 9
9 27
1 34
10 7
2 46
1 9
7 10
9 13
1 20
5 25
8 5
8 48
10 1
1 43
8 8
7 36
5 15
6 17
7 35
3 38
9 21
10 3
3 37
2 15
10 9
3 22
9 29
4 25
9 13
6 43
5 46
2 34
8 36
1 34
10 4
10 2
1 35
4 15
2 46
4 22
3 27
6 35
3 1
9 9
1 41
8 44
6 24
8 40
7 8
6 24
10 46
10 48
8 29
6 7
2 11
4 35
6 26
1 19
5 9
5 1
5 10
7 30
5 1
6 41
5 7
4 44
5 50
6 34
8 30
5 9
7 18
7 24
2 10
5 3
6 36
4 30
3 15
8 18
3 20
4 13
9 7
8 29
5 42
7 15
4 19
3 29
4 8
5 37
9 7
9 50
10 25
4 40
5 40
1 40
3 30
10 45
10 11
2 44
4 19
10 41
10 49
7 2
7 17
2 14
5 31
4 49
6 21
5 23
5 46
4 43
8 39
7 39
5 30
7 25
3 22
9 6
3 25
5 32
3 1
7 3
10 38
10 5
10 19
7 48
9 44
5 27
7 18
1 2
2 48
6 35
3 25
1 25
2 32
1 43
10 38
9 16
9 41
9 43
1 47
9 24
6 14
8 10
1 24
7 13
4 9
5 27
2 15
1 8
7 11
6 49
2 6
9 31
6 1
8 2
7 35
1 45
8 8
7 11
2 18
3 47
2 24
9 7
7 45
6 48
3 27
1 32
2 40
4 30
5 31
1 5
10 40
9 50
3 40
2 22
9 1
1 27
10 42
9 31
1 2
3 27
4 27
3 50
3 22
4 41
9 48
2 5
9 12
3 25
9 22
10 15
5 43
7 12
5 20
1 34
8 26
10 18
8 41
3 23
9 14
7 35
4 49
4 33
2 21
1 9
2 50
3 41
8 11
2 17
10 23
1 25
2 23
3 37
7 50
4 42
8 34
2 18
10 41
6 50
2 23
1 31
1 48
6 34
6 46
6 36
5 38
4 15
1 9
9 38
4 32
1 43
9 2
4 3
1 2
6 39
10 49
9 9
2 14
5 26
4 45
1 13
9 35
1 47
8 6
8 22
8 26
6 48
9 37
4 44
5 13
8 29
10 40
4 46
7 28
1 35
3 4
8 41
5 25
6 45
9 5
7 19
4 23
10 49
10 7
6 4
1 34
7 3
1 41
2 32
2 24
8 46
3 22
3 6
4 50
8 40
9 27
7 40
7 48
4 14
6 30
5 5
10 40
3 16
9 33
3 38
1 40
4 47
5 16
1 39
3 15
6 12
8 37
2 7
2 23
2 8
2 17
10 1
2 4
8 47
9 38
3 5
5 13
7 17
10 15
6 19
10 49
6 14
9 25
7 48
6 45
3 41
4 40
5 24
10 21
5 25
6 23
10 31
4 38
1 44
1 28
4 25
3 3
8 21
10 30
8 36
3 50
5 16
7 38
7 18
9 2
7 42
7 7
3 35
2 37
1 13
3 29
10 14
2 22
1 35
10 8
1 15
6 23
1 28
4 48
5 12
8 46
7 36
9 44
2 27
6 49
2 48
5 33
6 1
8 19
4 45
7 40
5 3
4 12
6 31
2 37
3 40
2 14
10 49
9 17
3 24
10 27
6 42
1 47
10 19
7 12
10 21
10 14
3 19
5 42
6 15
2 14
3 13
2 30
9 4
4 15
2 9
5 23
8 1
4 42
1 35
7 7
1 28
3 4
8 22
2 25
10 23
7 35
3 17
2 50
8 11
7 17
3 16
2 21
10 47
9 38
9 6
1 5
6 25
10 31
7 16
8 7
4 42
3 13
2 11
4 10
7 34
9 35
2 5
8 35
8 17
6 30
4 35
7 45
4 21
7 42
4 9
6 27
1 37
2 14
1 39
5 44
4 28
9 8
1 5
10 34
3 26
3 3
2 22
5 30
8 9
9 46
2 26
5 41
1 4
5 20
9 23
7 30
6 49
6 37
3 17
6 36
8 11
9 8
8 6
9 7
3 38
7 43
2 1
2 1
5 33
1 24
6 29
4 18
8 17
7 22
4 22
9 32
5 31
7 8
9 47
10 1
6 27
1 43
7 28
1 14
7 16
8 42
6 41
7 43
2 11
3 2
6 28
4 32
10 22
9 29
8 49
7 38
6 4
4 41
8 22
6 48
5 29
2 14
9 49
4 4
8 16
7 22
9 33
1 43
9 32
1 34
2 1
7 45
4 15
3 25
4 31
3 33
4 45
8 4
4 19
1 25
3 34
10 10
9 1
3 19
8 18
2 36
10 8
1 25
3 4
4 2
3 46
9 48
5 25
1 30
10 45
1 23
5 1
1 5
4 46
10 17
6 36
3 12
1 19
3 26
6 4
7 26
2 3
8 28
7 10
5 27
3 23
5 26
8 39
5 22
4 40
3 2
10 12
10 15
6 39
8 28
3 2
4 26
3 38
3 18
1 30
10 37
2 20
8 21
7 16
3 48
2 14
9 12
2 39
1 37
2 28
9 33
6 33
9 43
4 26
7 41
1 3
4 14
6 30
3 7
5 11
3 18
4 13
6 8
1 29
1 21
6 9
4 32
3 43
2 46
7 29
9 2
9 16
2 46
3 42
3 50
8 24
10 30
8 35
3 45
1 35
9 22
9 20
8 30
1 23
7 25
2 42
9 32
2 16
1 36
4 45
4 28
8 24
8 7
8 15
3 7
10 3
4 40
8 50
8 11
10 44
1 26
8 23
2 16
6 29
10 50
2 37
7 4
1 9
6 28
10 2
9 38
2 26
10 45
3 45
4 19
8 34
5 37
7 39
7 23
8 14
9 29
1 2
1 13
8 23
5 1
1 36
6 10
9 33
3 8
8 16
5 49
3 7
1 28
10 24
7 34
1 1
8 46
6 28
8 1
10 43
5 49
3 34
6 35
7 29
10 31
3 50
10 12
4 28
2 6
10 14
5 40
8 46
3 26
8 29
8 42
4 3
1 21
3 12
6 47
6 9
6 40
3 26
4 50
8 41
3 16
6 42
1 20
8 15
3 5
9 48
7 15
1 15
1 3
10 32
6 41
10 21
1 22
4 25
8 27
4 24
8 29
5 12
10 35
10 30
1 45
8 34
3 19
6 16
4 44
6 20
6 28
3 40
3 23
8 28
10 46
7 1
5 49
4 37
5 47
3 28
7 6
4 13
5 12
3 18
8 45
7 40
7 36
10 41
5 9
4 40
1 6
10 5
6 33
5 5
9 18
6 7
3 18
3 14
1 37
10 31
2 9
6 22
1 35
3 33
6 37
4 46
3 8
2 35
4 24
9 42
9 25
10 45
6 3
6 25
7 32
8 48
4 32
2 10
7 20
5 1
2 34
8 27
3 33
2 43
3 44
10 25
7 4
1 2
1 42
8 3
4 13
8 21
8 3
2 32
8 4
1 22
9 12
1 33
4 28
5 8
8 28
6 38
2 25
4 44
2 19
3 6
4 3
9 22
1 33
6 46
5 17
1 3
2 50
6 25
2 31
8 49
7 19
9 49
9 49
3 27
1 32
8 39
1 23
2 44
7 48
10 35
7 15
2 6
2 13
5 21
7 11
9 6
3 8
1 19
10 26
6 21
6 8
7 50
8 14
8 42
8 37
10 40
3 30
9 46
7 28
3 5
6 12
3 34
8 34
9 35
2 34
10 31
8 18
3 25
5 18
9 33
9 47
4 21
3 6
9 22
10 2
5 50
4 50
9 32
1 2
1 3
6 8
9 45
8 9
5 15
10 25
9 49
4 45
7 34
7 29
5 21
10 7
10 49
6 34
4 44
8 13
2 15
5 16
7 15
9 9
1 6
1 2
8 17
7 18
7 44
10 37
7 26
6 24
8 43
10 9
10 47
10 14
3 39
2 17
2 19
9 8
8 23
8 38
3 34
5 28
8 26
7 14
10 3
1 4
3 1
10 7
7 50
3 25
5 20
10 35
8 35
4 49
7 28
2 7
3 32
1 13
3 35
1 27
5 28
6 37
7 15
4 48
10 25
2 17
3 21
9 31
8 47
8 39
5 18
8 29
8 41
10 33
3 31
2 40
8 32
5 23
3 49
4 33
8 5
1 45
6 22
4 33
4 47
10 17
4 23
6 21
8 16
9 47
1 23
2 14
2 43
5 3
4 10
3 29
9 50
7 1
8 17
4 26
4 24
3 18
5 46
5 16
10 3
3 27
6 4
6 35
9 28
1 11
4 24
10 6
6 15
10 39
10 6
3 31
7 48
7 3
7 42
2 38
10 46
3 5
8 10
4 2
3 2
3 45
3 16
10 42
2 23
10 47
7 12
3 15
3 29
9 14
10 7
10 20
6 7
10 44
2 49
4 17
10 41
7 36
3 3
7 44
5 11
5 29
2 38
1 17
7 1
5 30
3 11
10 27
9 49
7 49
8 48
2 9
10 24
10 22
10 32
5 34
3 14
7 28
6 50
1 33
2 28
7 39
2 2
5 40
3 3
1 13
8 12
2 48
5 5
3 29
3 10
9 21
9 37
10 30
7 40
3 28
5 7
10 39
8 50
1 32
1 24
7 43
2 45
8 37
1 16
10 4
9 36
10 22
2 11
10 7
7 3
2 44
7 6
6 10
10 6
10 48
8 20
5 47
4 2
5 12
7 48
3 22
10 13
10 18
6 12
1 46
3 15
10 48
1 37
10 35
6 41
1 2
9 38
3 34
7 8
7 20
7 18
9 15
6 36
10 36
2 12
7 21
3 2
3 49
4 36
5 22
5 27
2 5
9 33
10 7
1 5
6 15
10 27
9 8
7 38
6 9
7 5
8 22
2 11
10 16
5 45
4 5
8 45
1 45
7 11
8 32
8 7
9 4
2 42
8 24
7 16
5 9
7 10
4 34
9 12
10 40
10 24
4 19
2 27
4 15
10 24
5 38
2 35
10 25
8 41
2 2
1 9
2 5
5 6
7 27
6 21
9 12
4 11
4 37
7 1
2 26
9 1
2 14
3 32
9 26
6 23
3 19
4 35
10 49
2 6
9 27
10 21
6 17
9 35
10 17
9 37
6 38
9 10
5 1
1 1
6 47
2 23
8 30
8 11
8 45
8 8
4 38
7 15
8 38
7 30
5 48
1 10
8 17
8 19
4 40
8 26
1 10
6 8
1 17
7 21
6 38
3 36
8 28
7 31
6 38
7 32
7 3
10 27
3 8
10 11
6 37
7 43
9 9
10 25
1 19
3 7
5 22
4 7
3 2
5 9
5 22
5 3
2 41
9 31
8 32
5 44
5 36
4 41
4 42
10 21
7 21
9 24
2 50
8 6
5 34
10 22
5 1
9 33
3 40
8 33
10 33
10 50
8 4
7 7
4 33
2 4
3 9
5 21
7 3
7 20
1 14
7 46
9 33
1 14
5 47
6 5
6 24
4 44
9 23
2 6
5 26
7 37
9 44
1 22
5 15
6 44
3 41
7 34
8 27
7 42
2 2
6 17
4 45
7 22
5 41
3 38
1 13
9 19
8 43
8 39
3 18
6 32
8 35
10 14
2 45
2 38
8 50
4 35
5 34
7 22
6 10
4 45
5 46
3 15
7 21
6 11
5 38
5 43
6 40
1 2
1 28
1 50
6 27
9 34
2 32
5 21
7 39
7 26
9 1
7 16
4 43
10 8
2 28
8 50
9 43
3 47
10 25
9 48
1 48
10 14
7 34
2 17
9 1
9 28
5 40
4 19
5 16
4 24
9 45
4 3
3 42
3 41
7 23
2 18
9 24
7 3
8 11
8 16
6 1
8 34
1 39
6 9
1 50
10 22
7 26
5 12
3 43
4 39
7 29
1 8
2 5
1 17
7 31
1 21
5 48
4 2
8 4
7 18
7 8
1 10
5 39
1 40
1 21
1 25
10 43
5 27
3 45
5 22
8 16
1 8
10 14
9 10
6 27
3 3
1 33
3 47
1 42
5 16
4 28
1 11
9 40
7 1
2 31
7 30
6 7
5 15
6 8
5 41
10 24
8 47
2 43
4 28
3 15
2 13
2 31
10 10
5 16
4 9
8 29
10 15
9 8
7 19
10 31
9 26
7 5
4 33
8 29
10 18
7 31
4 28
8 3
5 32
5 24
5 26
6 25
6 1
1 36
9 47
7 15
7 18
4 44
1 46
8 16
4 48
2 35
6 27
2 17
9 7
6 40
1 1
5 11
2 50
5 8
1 41
8 21
3 49
9 4
4 43
3 25
7 27
4 5
10 46
6 25
3 48
6 49
3 5
4 11
1 35
1 48
9 4
10 20
5 47
10 17
1 10
8 37
8 20
5 11
9 12
4 29
2 12
6 9
8 10
2 26
9 42
3 22
4 5
8 33
9 9
9 46
5 28
10 5
4 45
8 32
2 10
9 31
6 15
3 30
7 14
9 32
1 5
9 15
7 5
5 4
1 38
10 15
2 50
8 49
4 37
5 3
3 46
7 24
10 27
2 15
8 12
6 9
8 16
6 20
9 24
8 50
3 45
2 24
3 17
2 18
1 40
10 40
9 27
5 24
4 3
8 44
2 30
1 48
7 10
10 47
10 44
2 36
2 28
1 39
6 50
7 9
3 21
7 21
9 50
9 35
5 21
6 37
1 20
6 24
10 12
1 7
7 1
10 22
4 45
1 11
1 12
10 16
5 2
1 14
7 26
1 41
8 23
8 43
7 18
8 15
6 22
10 14
4 32
9 11
3 17
8 30
8 44
9 24
2 20
9 24
5 27
3 1
2 18
1 44
7 48
6 22
2 24
3 30
1 39
10 12
9 21
6 31
9 2
10 28
6 40
2 42
6 18
5 32
5 34
6 34
6 45
6 40
2 31
2 42
7 34
8 45
10 33
2 17
9 7
2 19
3 15
7 17
9 34
5 19
2 41
1 2
9 1
4 49
2 16
7 45
10 48
10 31
8 48
6 20
4 42
8 20
4 20
8 25
7 39
9 14
1 40
3 15
3 48
5 12
5 37
5 50
6 50
5 49
9 31
4 19
1 12
9 30
5 44
4 10
6 46
7 24
1 26
1 10
3 49
1 19
7 23
6 15
2 36
2 28
8 28
10 1
4 42
5 38
2 38
4 33
8 24
9 19
5 37
4 24
6 33
2 17
8 16
2 42
3 18
5 17
5 46
6 34
6 6
4 12
10 24
2 20
6 45
1 31
2 15
3 44
10 35
3 25
10 31
8 24
3 4
7 10
10 45
9 6
9 35
3 24
6 15
9 33
7 47
3 13
7 35
7 43
4 28
1 27
2 24
2 36
6 12
6 26
7 23
9 29
6 19
6 2
6 19
10 39
10 47
9 21
8 17
10 20
10 36
9 32
9 16
8 2
4 17
7 40
10 6
2 24
6 2
9 27
1 5
1 41
9 34
7 43
9 21
7 40
3 30
5 9
9 43
8 2
2 42
9 38
10 18
4 47
9 3
3 33
6 33
5 33
8 21
3 42
5 14
7 30
9 2
5 29
5 33
5 13
1 29
6 25
1 17
9 37
7 29
3 3
6 2
9 37
2 33
7 4
8 27
2 9
7 20
9 31
2 1
5 38
10 6
9 10
10 49
2 6
5 48
10 24
2 21
2 42
2 40
2 19
5 38
5 20
4 16
8 45
2 34
8 49
6 47
8 7
10 8
9 14
6 6
2 44
3 15
5 22
5 7
3 8
10 13
7 20
7 2
5 44
2 40
9 44
6 38
10 47
10 14
6 47
4 42
1 8
4 13
10 44
7 31
4 1
10 26
9 31
7 49
8 20
9 14
4 44
2 14
5 9
9 40
10 15
10 10
6 27
3 14
6 21
2 44
4 16
3 34
10 47
3 49
7 13
5 11
7 2
6 4
4 42
1 35
3 16
4 31
2 18
4 14
9 14
7 38
6 27
7 36
3 23
7 10
5 26
4 47
10 21
9 44
7 20
8 37
3 26
1 2
5 40
9 26
4 18
1 48
10 4
5 40
6 41
10 36
9 3
4 41
10 11
6 48
10 14
7 33
6 3
7 13
4 33
5 48
10 26
6 43
7 10
6 10
6 17
4 41
5 38
8 33
5 24
2 36
8 45
10 46
6 23
1 49
9 22
4 15
7 36
7 12
1 13
3 8
2 40
3 25
9 11
2 39
9 45
4 28
9 35
3 39
8 21
5 2
8 18
10 25
1 17
5 50
1 39
3 43
2 6
6 6
5 10
6 37
2 42
1 25
3 37
2 31
10 22
5 2
9 44
10 13
1 5
4 47
7 37
10 27
2 25
9 33
9 16
1 7
3 6
8 6
9 8
7 26
4 6
7 38
8 35
9 42
2 30
5 45
4 5
5 3
7 24
4 24
1 29
10 49
6 2
2 35
4 47
9 30
10 48
5 17
1 27
9 21
9 15
8 35
10 11
2 18
6 35
4 25
1 47
9 9
9 47
10 14
9 19
2 1
10 1
2 26
1 29
10 49
4 15
2 20
8 30
7 39
8 31
2 12
8 46
7 38
9 6
2 6
4 14
10 44
9 13
6 50
2 6
6 47
9 8
4 11
6 12
8 5
5 15
8 25
10 30
9 2
10 34
1 5
7 2
4 26
3 42
6 27
9 9
5 48
8 46
6 21
9 3
7 45
2 23
10 28
2 48
2 38
8 48
5 3
5 17
1 19
4 4
8 48
9 17
4 46
7 22
10 28
5 7
9 14
7 32
9 7
4 24
6 40
5 23
4 50
5 4
4 31
4 38
9 4
7 2
5 31
9 35
5 26
10 28
9 7
10 8
3 49
2 36
10 5
10 24
1 5
10 27
8 47
1 38
5 42
8 25
9 20
7 1
6 46
4 1
5 47
9 14
5 50
3 6
7 39
3 6
10 42
3 46
3 34
4 35
4 21
5 31
6 19
10 26
3 23
7 25
8 24
3 49
9 36
2 8
3 10
6 12
1 17
5 6
10 11
3 29
10 14
1 30
2 43
2 27
1 23
5 30
3 35
2 30
6 17
7 49
5 40
4 20
5 9
3 22
9 20
4 9
1 14
8 5
2 47
1 43
5 45
5 9
5 26
3 50
2 5
2 45
1 35
5 25
10 40
1 1
8 42
4 25
1 5
4 32
8 22
2 10
2 42
8 29
9 33
7 17
6 9
6 8
6 30
7 25
7 31
7 46
5 14
9 40
4 42
1 47
10 25
6 42
2 37
10 19
1 48
4 22
9 9
5 13
7 23
2 32
5 18
4 43
4 34
4 6
8 36
7 24
6 7
7 13
9 18
1 12
10 12
7 27
4 29
2 24
8 11
9 37
9 9
1 15
2 8
4 48
9 44
2 27
3 43
10 32
6 40
5 35
5 28
7 1
2 3
6 9
2 46
10 33
5 43
3 43
3 37
2 32
4 1
4 25
6 10
7 10
10 6
2 49
9 38
5 13
3 35
7 34
6 7
3 33
2 16
4 39
9 18
7 12
7 1
8 34
5 3
1 15
1 16
2 21
7 24
2 46
6 29
7 27
8 20
5 27
5 14
2 46
8 33
7 36
6 49
3 24
6 4
1 12
1 29
9 1
6 50
8 23
3 3
2 40
9 44
4 39
9 24
4 13
10 5
7 15
9 42
7 2
5 14
4 49
3 1
1 28
1 43
6 7
6 16
5 44
6 40
2 10
10 48
8 45
3 50
3 38
2 45
5 36
3 9
7 26
8 45
6 35
6 4
3 27
6 46
5 45
3 34
3 17
2 12
6 11
5 11
5 37
1 19
8 36
7 35
10 16
5 30
7 2
2 5
2 24
7 27
4 5
9 44
2 48
7 47
1 31
7 39
10 19
6 41
8 1
2 35
10 26
7 18
1 44
8 16
10 17
5 15
5 33
7 8
7 41
7 41
5 45
7 2
10 27
3 20
3 34
10 36
10 40
10 24
4 20
7 22
10 14
5 48
10 20
9 50
4 49
1 38
3 48
7 17
7 17
2 43
2 13
8 7
6 32
4 15
6 9
4 11
8 48
8 12
9 37
6 39
10 17
10 47
1 18
1 44
9 25
5 38
2 32
5 13
9 33
2 30
5 11
9 33
8 27
9 15
9 10
9 38
1 13
2 12
4 49
5 28
10 25
4 30
9 30
9 28
2 3
2 3
8 6
10 45
10 26
7 26
5 41
8 11
1 40
7 15
8 39
5 8
3 29
8 32
1 8
6 6
7 17
1 4
5 34
4 26
5 46
6 5
3 49
2 45
6 29
10 31
6 43
4 44
6 45
5 29
1 7
4 30
1 4
10 38
1 27
7 2
9 50
3 16
7 8
4 2
6 7
2 34
5 12
6 31
3 45
9 16
2 47
4 20
5 3
9 34
4 50
8 13
3 39
10 43
8 46
