10
7000
7 24
1 4
9 9
1 3
5 43
3 31
2 47
9 35
3 24
9 29
7 29
2 46
10 12
3 2
5 31
9 22
4 48
1 46
1 41
9 36
1 33
5 5
8 23
4 38
3 4
10 27
2 35
6 13
10 50
9 33
3 1
1 16
7 26
1 24
2 43
6 50
1 32
2 46
5 4
2 13
10 8
1 25
1 14
5 24
7 19
10 27
2 12
9 20
2 33
4 34
9 20
1 29
8 43
7 10
5 10
9 34
2 44
1 37
9 11
8 22
6 23
8 35
2 40
6 4
6 16
10 50
8 33
1 6
10 43
1 12
9 46
1 48
10 15
8 48
5 22
2 43
8 17
4 26
7 49
6 5
10 48
6 41
3 45
1 5
5 48
10 10
3 45
2 45
10 15
3 19
4 24
5 26
3 28
5 34
8 13
4 48
1 14
8 27
9 50
2 22
4 44
10 8
5 1
4 14
6 21
2 17
3 23
3 27
4 6
8 3
6 38
8 29
6 1
8 48
10 24
8 3
8 32
9 11
10 5
6 26
7 47
9 11
5 21
2 24
8 29
2 23
9 31
6 28
2 16
7 38
10 28
5 42
10 35
9 13
2 24
10 13
9 11
1 20
2 48
1 44
4 24
3 47
6 40
7 4
8 40
4 23
4 49
8 41
3 3
1 36
6 30
8 44
4 43
4 19
1 42
8 8
7 24
1 2
4 7
6 37
8 4
8 36
3 1
8 8
6 50
8 45
6 40
4 7
4 7
9 46
7 18
5 9
3 20
9 50
5 19
5 19
1 4
8 39
1 45
2 48
7 25
4 44
7 9
2 39
5 15
6 36
6 28
9 28
8 25
9 6
5 34
5 49
2 23
2 25
10 32
1 19
1 19
1 7
7 40
7 21
4 7
8 26
10 28
10 43
4 28
10 43
10 16
7 30
7 37
8 16
1 36
5 14
5 40
2 15
1 32
5 37
7 47
3 7
10 1
1 32
10 47
7 41
7 22
8 30
5 37
5 17
1 24
10 38
5 7
4 20
8 45
3 24
6 35
4 20
7 27
4 4
4 45
2 39
2 24
9 31
1 44
5 37
2 27
9 41
3 10
9 18
10 5
10 2
10 17
1 15
3 36
1 29
10 30
6 34
4 30
7 6
6 3
1 7
4 18
5 40
5 8
1 12
2 25
2 30
9 1
7 15
7 29
3 4
9 23
4 8
3 3
9 15
3 34
4 43
2 24
8 24
5 40
2 18
10 29
5 29
10 22
1 45
4 19
10 6
5 37
8 12
6 15
6 34
10 36
5 42
2 31
5 8
10 4
10 46
7 17
6 49
4 27
10 46
3 13
8 2
10 39
2 37
1 22
10 2
10 25
1 38
4 12
7 23
2 6
10 23
6 25
6 25
4 4
8 19
1 20
3 11
4 8
8 23
5 32
10 15
6 38
5 25
7 23
9 43
5 50
3 2
4 24
9 33
1 8
4 3
3 22
6 36
6 41
6 3
4 41
2 39
7 25
6 41
4 12
1 5
2 44
9 25
8 27
10 24
1 8
9 27
1 10
8 22
9 4
10 18
5 6
2 27
4 41
1 10
10 4
8 18
3 46
7 35
7 29
3 15
1 8
3 30
10 34
6 20
8 5
5 14
4 13
10 22
3 32
9 8
5 41
3 20
8 46
5 37
10 3
6 38
3 8
1 50
1 37
5 7
2 11
10 2
9 38
9 12
5 46
9 6
7 2
2 18
8 28
9 14
4 30
9 36
1 38
3 40
6 9
4 33
3 27
2 21
4 44
3 3
9 38
8 50
4 34
10 8
1 46
6 22
2 18
8 43
2 33
8 17
3 20
4 17
3 40
5 33
6 35
1 4
3 12
4 6
3 38
9 10
9 8
6 33
7 31
4 4
6 13
9 16
5 36
5 29
2 13
9 7
4 17
5 15
4 4
8 44
7 9
6 42
6 16
4 1
2 4
5 38
3 17
2 12
7 43
4 13
9 23
1 21
10 31
8 50
2 23
6 26
8 8
2 36
4 21
2 3
4 10
1 33
3 7
9 43
9 26
2 42
6 44
2 8
6 3
9 36
3 35
4 8
10 27
7 2
8 6
10 9
10 42
4 39
2 6
3 24
1 19
3 17
5 19
2 15
10 9
6 23
7 4
5 14
10 14
10 18
8 11
7 21
5 29
10 1
3 16
9 44
4 15
7 31
1 36
10 17
5 35
8 3
2 25
4 43
9 38
2 48
6 37
7 6
4 29
8 36
6 15
9 26
1 29
1 13
4 42
8 47
6 21
7 45
9 3
7 45
10 32
6 36
3 28
8 5
8 37
2 14
5 13
3 43
6 25
1 6
8 18
7 40
7 12
7 2
2 27
8 38
8 5
4 1
9 37
1 18
10 42
9 50
4 35
9 28
6 18
9 47
3 49
4 3
2 48
1 12
4 8
10 38
8 13
10 3
4 47
4 43
6 28
5 5
3 39
4 36
8 45
6 30
8 42
5 12
3 17
8 25
5 17
5 1
2 6
9 46
7 26
8 28
7 10
1 28
7 50
2 27
7 17
9 23
10 36
1 7
8 24
2 34
6 33
7 21
3 43
6 38
6 32
8 27
9 27
8 37
6 32
9 6
10 11
8 3
2 49
4 28
2 31
5 31
7 43
5 45
9 2
8 26
1 30
9 19
5 42
1 30
4 31
3 39
4 17
10 28
1 23
9 36
10 28
8 48
4 32
7 9
9 43
6 11
10 21
2 31
6 28
6 32
7 3
2 20
7 6
2 11
9 5
9 12
8 34
5 38
3 15
6 16
4 22
6 46
8 35
8 9
4 13
10 26
4 26
6 3
8 31
3 23
9 4
2 2
3 5
5 36
4 31
7 1
9 31
10 32
3 12
6 21
6 41
5 44
5 50
3 32
8 17
10 27
2 32
1 33
8 37
9 24
2 11
1 1
5 38
1 25
9 47
3 9
10 15
5 31
8 37
5 6
1 33
10 34
4 33
8 38
1 3
2 8
3 50
9 16
5 22
2 9
9 23
8 13
9 4
6 50
5 47
8 1
5 9
10 45
8 26
10 3
4 3
8 30
8 40
4 35
5 27
10 26
5 50
1 26
3 39
8 41
6 10
1 8
7 12
4 31
1 48
6 13
5 29
6 19
5 45
3 42
1 17
8 39
5 33
6 9
7 7
1 26
2 26
6 20
2 47
6 25
10 12
8 33
1 7
10 10
7 26
9 12
10 11
4 2
3 48
6 6
7 37
2 44
3 45
7 20
6 10
6 41
5 19
1 50
10 27
6 50
10 3
2 39
5 45
6 6
2 10
10 35
1 5
5 40
1 9
10 19
1 47
9 34
5 46
7 38
5 26
7 10
6 26
7 23
9 47
7 24
2 6
9 34
8 35
4 6
10 36
2 27
6 1
9 10
1 33
4 21
8 6
8 17
9 8
8 36
7 21
4 48
9 27
2 31
10 37
3 41
3 26
4 19
8 22
4 21
9 1
8 4
6 49
1 3
5 33
1 1
6 39
4 38
3 10
2 45
3 50
6 20
10 31
8 29
7 2
5 38
10 24
8 26
7 42
4 38
5 13
5 32
6 6
5 18
1 2
10 27
6 22
3 37
5 29
4 3
10 48
1 46
3 34
9 2
4 3
10 47
3 13
3 26
10 42
10 20
3 23
3 45
2 19
2 45
4 4
7 48
10 2
6 26
9 10
2 43
7 38
1 17
8 3
10 46
1 15
2 29
9 24
4 5
4 28
6 13
3 47
10 45
8 8
7 13
4 45
4 7
7 42
2 19
9 26
5 4
1 7
3 4
2 28
5 42
8 10
9 31
7 37
7 26
9 37
9 32
1 5
1 8
8 35
8 14
4 22
9 30
6 6
2 41
10 25
6 18
10 40
3 39
2 28
5 6
2 42
3 38
9 44
2 47
5 5
3 49
2 18
5 25
2 35
7 21
1 1
6 15
3 7
4 24
8 35
6 8
9 7
3 11
10 29
8 41
5 36
6 19
4 26
9 45
2 38
9 22
1 25
10 5
4 41
8 37
5 17
7 31
9 9
3 13
5 25
8 21
2 11
7 5
1 33
4 13
5 13
1 30
3 28
3 48
10 9
8 48
9 8
8 8
9 15
7 47
7 40
8 1
7 46
6 2
8 40
4 18
7 38
7 5
9 18
4 5
8 12
6 46
1 45
10 20
7 36
10 9
5 14
4 10
9 31
8 4
5 48
4 50
10 38
4 20
9 30
8 39
3 32
3 4
5 28
3 44
9 7
1 32
1 38
9 33
10 1
4 43
3 30
4 45
3 11
5 48
8 41
9 32
8 4
5 50
1 2
9 9
4 46
10 11
10 4
8 38
6 16
9 40
3 16
1 34
5 44
1 20
2 20
7 28
9 5
9 24
2 3
3 3
7 34
3 23
7 33
1 32
7 32
6 50
6 19
10 44
6 16
6 7
7 20
8 34
8 45
10 43
2 18
8 3
2 44
8 47
2 48
8 9
3 1
1 2
3 1
4 15
2 8
6 9
4 6
5 40
8 27
8 14
7 35
8 42
3 25
5 20
6 24
5 14
4 25
7 9
2 9
10 38
2 22
7 46
9 22
9 44
6 30
4 14
9 31
10 45
7 4
9 7
6 8
6 2
8 1
1 42
6 4
3 1
5 14
5 24
6 49
4 35
1 23
2 29
2 31
1 37
7 9
3 35
9 31
9 19
1 14
4 33
4 21
7 30
10 2
4 26
9 38
8 17
9 5
7 29
10 19
9 48
4 11
9 7
1 17
4 14
7 15
7 18
6 17
3 2
10 38
2 32
6 35
6 44
2 24
5 33
10 38
7 4
2 33
5 41
7 2
3 18
2 10
5 15
10 17
9 1
4 25
5 36
4 16
1 43
5 13
4 18
10 1
5 40
3 18
1 42
2 1
8 10
8 26
1 5
5 8
2 26
8 43
3 42
1 42
9 34
10 37
7 35
2 32
5 42
8 22
4 40
6 5
4 22
9 48
5 43
3 35
10 43
9 28
6 26
3 28
7 33
1 32
10 20
5 37
5 25
5 28
3 3
2 42
6 27
7 44
10 5
2 49
8 39
9 20
4 46
1 36
6 25
3 39
2 6
6 8
9 2
1 5
7 10
9 4
10 10
10 4
10 33
5 35
3 42
8 27
7 8
3 20
7 2
2 17
7 36
3 27
5 41
5 26
2 10
8 46
4 37
8 50
5 48
10 38
4 26
5 46
9 44
5 25
4 26
1 38
6 13
9 20
1 27
1 22
1 26
2 15
4 47
4 6
1 10
7 18
4 50
3 39
2 38
8 30
2 14
8 29
7 16
7 11
8 28
9 25
3 27
7 11
6 32
4 5
8 5
3 32
6 42
6 30
8 29
4 9
3 28
8 23
4 30
5 12
8 8
2 32
2 42
9 32
2 19
1 33
3 30
1 44
9 39
6 31
4 33
9 16
1 40
3 37
4 30
4 5
8 48
9 28
6 26
8 24
10 43
9 18
4 14
5 25
1 43
8 10
5 27
1 26
5 29
4 16
1 15
7 18
2 23
2 8
9 19
3 20
10 32
6 44
4 9
10 44
4 3
7 16
8 25
8 32
7 37
8 16
8 16
2 29
9 15
7 12
4 12
2 11
2 1
4 32
10 5
3 4
3 40
1 43
6 22
5 25
6 44
4 40
6 16
1 16
5 4
5 37
6 19
1 18
9 13
10 15
3 40
1 11
6 2
6 25
3 18
7 3
10 47
8 18
7 22
5 47
2 27
7 44
8 15
5 43
1 8
10 38
2 3
1 46
2 14
3 50
1 45
8 40
9 42
7 49
9 13
2 20
4 6
9 10
5 26
2 42
5 3
1 35
1 33
7 21
8 2
4 4
7 49
5 43
10 33
1 48
3 4
6 13
9 8
10 2
3 45
6 47
10 19
7 43
7 46
10 1
5 15
6 2
6 2
1 50
7 13
5 11
2 28
1 38
6 32
10 28
2 7
7 47
10 4
1 12
5 18
1 33
8 23
4 14
3 47
9 44
5 44
4 23
8 2
5 3
4 11
6 29
9 23
4 3
2 25
3 21
10 13
9 45
6 12
9 34
6 46
2 8
6 32
3 43
10 11
2 19
3 23
5 10
4 4
6 27
5 49
9 2
3 10
9 6
8 18
8 15
8 6
5 18
4 14
5 26
10 31
7 2
8 17
2 4
6 12
2 5
5 20
9 9
9 32
9 8
3 29
10 31
8 27
2 39
8 45
7 13
10 43
1 49
1 25
4 43
1 20
9 18
2 42
8 25
7 15
6 45
10 46
9 2
4 28
5 37
9 33
2 27
1 16
3 18
8 1
8 34
9 26
3 49
3 37
10 9
3 41
3 50
1 27
8 28
2 35
7 10
5 33
7 4
9 45
9 8
4 34
8 42
1 9
6 30
5 26
2 50
4 16
1 23
3 50
3 49
7 12
4 29
10 26
5 40
7 44
10 16
8 47
1 12
1 1
4 41
7 41
2 28
5 5
10 32
10 15
2 6
7 7
8 43
6 49
1 16
3 23
10 30
4 38
4 23
7 43
8 48
1 8
10 47
9 31
3 10
2 46
4 45
4 50
8 14
4 22
2 47
2 1
7 5
6 25
7 45
8 21
10 26
3 22
10 32
7 2
7 24
8 29
5 50
8 9
4 21
7 13
9 26
4 39
9 11
2 37
3 3
4 49
8 46
10 6
2 1
8 30
7 13
5 50
4 33
10 46
2 1
8 50
5 42
5 28
1 14
2 24
4 22
5 14
3 23
1 18
10 5
6 19
2 39
2 2
4 38
3 1
9 47
6 16
9 16
10 32
7 33
3 39
8 27
4 7
9 21
5 19
6 28
6 18
8 30
2 33
5 48
9 16
4 6
6 47
10 24
9 1
5 30
4 3
3 14
5 50
8 46
2 24
4 29
10 42
10 11
5 41
1 35
5 4
4 19
10 20
8 16
3 26
7 40
9 8
3 8
8 31
8 30
6 32
2 11
2 27
7 17
3 36
2 47
4 5
4 4
10 31
2 37
2 16
1 15
9 23
8 43
4 35
10 26
2 35
6 23
7 49
8 33
9 4
3 34
2 36
9 38
7 22
2 34
1 33
6 27
6 2
5 41
5 42
1 19
5 20
6 49
6 31
7 20
7 2
9 16
6 32
6 12
7 44
9 24
9 22
10 4
4 33
10 28
1 11
8 23
6 4
6 47
1 45
5 39
4 36
9 32
3 5
7 48
6 23
4 48
8 46
1 19
3 41
5 39
7 12
6 25
7 43
2 21
3 17
9 25
10 43
1 38
5 17
10 14
7 31
2 43
9 41
10 9
1 1
6 5
7 36
3 35
8 48
4 18
7 48
4 3
6 1
1 4
3 2
10 17
2 10
1 33
6 3
9 12
2 28
5 25
5 17
6 9
6 45
8 40
4 35
7 26
6 43
3 17
6 20
1 44
2 5
8 40
6 9
8 9
2 13
2 6
2 30
4 2
8 23
3 11
5 40
4 22
3 18
10 25
10 10
5 19
4 5
3 31
3 2
3 25
7 18
6 45
9 16
1 40
7 27
7 17
9 45
4 43
6 6
5 3
10 31
6 20
8 14
7 16
3 4
2 16
1 14
1 50
8 20
4 38
3 23
7 6
7 8
4 16
2 8
8 38
3 9
1 2
6 36
6 47
10 22
3 22
7 4
10 20
2 10
6 25
4 40
3 47
4 34
3 50
7 2
1 43
1 1
2 20
2 31
3 50
10 17
10 25
9 11
8 2
10 33
10 14
5 9
7 31
4 24
1 34
10 11
7 33
9 5
1 25
2 17
8 37
6 15
2 35
8 48
1 7
7 33
6 16
7 42
5 24
10 19
5 48
9 41
9 38
4 10
9 11
5 43
5 44
4 19
6 26
7 20
4 42
7 39
5 40
9 46
8 41
3 34
2 10
1 4
3 15
8 34
10 32
6 12
1 40
6 50
5 8
10 16
6 13
6 23
6 18
1 22
10 37
5 12
9 25
8 21
1 32
10 14
6 3
1 44
4 34
8 22
3 32
10 26
4 33
4 34
9 35
7 20
8 33
8 47
7 5
5 20
5 39
9 8
6 26
1 41
6 26
6 23
9 7
10 11
5 41
10 20
5 29
8 27
4 12
5 35
8 45
3 2
4 37
5 16
8 44
10 30
10 43
2 20
7 29
1 29
6 5
2 29
5 28
9 38
9 9
10 49
3 21
1 39
5 42
8 35
4 38
10 27
7 15
10 4
1 7
6 2
3 12
6 4
2 3
4 39
9 23
2 5
3 30
6 24
9 18
2 29
6 24
6 50
8 39
3 49
9 10
7 6
3 19
3 28
4 47
10 21
9 27
10 21
7 32
7 49
2 43
10 19
9 34
10 29
6 8
1 12
4 2
9 17
2 29
2 1
10 4
4 7
1 40
3 2
6 10
7 6
8 50
5 31
9 7
2 22
8 21
6 8
4 11
7 46
1 19
3 11
7 38
10 15
8 42
10 25
4 2
9 8
4 11
10 22
6 8
7 42
4 3
10 25
3 33
3 49
5 41
6 1
3 48
7 38
10 35
8 48
2 1
2 23
10 27
3 4
3 31
6 18
4 8
5 22
4 23
6 33
2 14
7 41
5 45
7 19
9 8
5 47
7 39
6 22
4 29
2 22
3 24
8 14
3 35
8 2
7 45
8 47
10 1
10 35
2 47
4 38
1 45
10 47
9 31
2 38
9 22
9 49
3 8
4 48
2 13
3 48
7 46
3 48
8 45
6 38
9 26
6 31
2 10
4 36
5 24
3 23
2 30
3 5
2 42
7 13
7 20
9 29
7 24
9 43
7 41
8 46
4 1
3 34
10 37
6 26
10 1
1 29
1 12
7 42
3 6
5 21
6 37
10 17
1 2
10 10
1 4
6 2
10 42
5 10
8 17
3 36
5 25
5 45
10 47
5 36
1 43
8 28
4 37
7 16
9 46
4 10
4 8
7 9
8 2
2 25
3 48
8 47
5 34
9 14
6 16
6 3
2 35
6 3
10 8
7 40
2 21
3 40
3 44
2 44
4 46
10 7
9 14
10 36
7 21
8 2
1 28
1 8
2 28
8 34
3 16
4 8
10 45
2 5
9 17
10 6
3 49
7 27
4 28
5 10
6 14
2 48
8 43
8 14
8 30
9 13
6 39
3 42
3 9
3 32
8 39
9 4
10 50
2 20
10 16
6 38
10 48
6 20
6 50
10 43
10 47
7 42
2 3
2 23
1 13
1 4
7 47
2 49
8 12
10 26
3 26
2 46
5 44
6 38
10 13
4 4
10 47
6 2
7 40
2 36
5 9
6 48
2 26
1 33
1 19
1 10
9 23
10 50
9 33
1 41
3 44
5 7
3 35
7 30
5 8
9 11
1 15
1 38
7 27
10 11
8 38
4 47
6 39
7 30
3 4
4 11
8 10
9 26
9 1
8 15
9 40
3 19
5 9
10 1
5 25
7 11
10 15
10 28
5 48
7 15
7 40
3 41
3 37
8 45
4 34
4 36
9 25
7 28
3 25
3 22
9 50
8 11
3 16
9 47
1 30
3 36
2 32
7 27
3 39
1 17
1 31
1 24
6 31
1 33
5 32
2 28
10 3
10 26
10 16
1 42
10 37
1 49
9 27
10 18
6 38
9 45
5 46
9 44
6 45
10 15
9 3
1 44
10 27
4 12
2 20
9 9
8 32
3 26
6 39
4 22
6 2
5 18
5 33
9 29
4 4
4 44
4 30
10 49
9 45
6 49
10 32
6 27
1 37
1 50
4 43
6 43
4 24
6 43
6 29
1 28
2 26
4 17
4 20
7 43
2 34
4 35
9 6
10 29
9 36
9 11
3 9
1 16
1 12
2 20
1 45
6 48
3 34
8 31
7 28
5 39
10 18
4 8
3 25
4 40
10 26
4 7
1 24
1 17
3 36
7 33
6 16
2 32
5 25
4 32
6 40
8 45
5 26
5 5
8 47
3 27
9 21
2 47
4 33
2 13
8 4
10 25
6 26
3 31
7 44
7 22
9 38
3 25
1 21
8 29
6 31
1 45
4 13
4 8
7 35
1 33
7 30
6 38
2 11
6 36
1 14
5 46
6 46
6 13
3 44
2 15
10 9
2 27
8 15
9 50
6 45
8 39
9 9
4 29
10 28
7 2
6 5
9 15
7 2
6 21
2 49
9 31
10 15
9 23
7 41
2 47
9 44
2 17
10 13
8 27
8 27
5 38
7 16
4 8
8 31
3 44
4 11
6 24
6 49
9 35
9 23
10 13
2 2
3 40
2 40
7 22
10 8
4 39
8 37
2 11
9 30
7 28
7 19
2 47
9 9
1 8
8 2
4 35
9 46
10 49
2 5
8 12
10 4
8 42
4 49
5 16
9 43
6 26
6 14
1 37
3 15
5 49
3 6
9 28
9 34
1 14
7 42
5 23
5 36
10 2
5 45
10 34
4 27
6 49
6 9
7 17
6 9
8 41
2 1
7 23
10 23
9 14
3 12
9 21
5 35
6 37
8 17
6 24
8 41
3 44
10 40
9 34
8 44
1 31
9 1
1 43
7 29
9 31
10 46
8 12
4 31
5 25
4 13
3 3
4 35
9 24
2 30
9 29
4 45
6 13
10 12
10 29
9 37
2 31
4 1
3 4
5 38
9 16
2 5
4 17
2 37
3 42
8 26
5 43
7 16
9 33
2 15
1 5
4 15
9 44
2 44
7 30
4 9
10 9
9 9
1 4
3 7
5 48
9 25
8 1
4 43
1 50
9 6
7 9
7 32
8 6
5 25
8 40
1 23
7 22
6 45
6 7
4 6
4 33
3 37
8 18
8 17
7 45
8 17
4 38
3 28
2 12
5 29
1 32
10 6
1 27
2 32
4 25
10 18
2 13
9 19
5 23
1 17
9 34
7 21
8 5
1 18
3 50
1 16
9 26
4 38
6 5
10 20
9 2
8 6
10 28
6 11
10 24
3 21
6 39
4 14
2 43
4 12
10 46
5 26
1 17
4 36
6 2
3 1
8 7
10 16
6 6
6 5
7 18
10 5
6 50
9 26
6 29
3 6
7 8
3 42
1 12
9 27
1 49
6 48
1 19
7 43
2 29
1 43
8 41
7 48
8 9
2 22
3 16
8 33
9 26
6 42
8 7
3 34
4 14
10 26
9 50
2 7
2 44
2 40
4 37
8 37
1 2
1 6
7 10
6 2
9 30
1 2
1 32
3 1
2 9
2 6
8 23
3 41
4 7
2 17
1 21
9 39
5 19
3 10
3 17
4 34
10 36
2 34
10 10
1 42
8 45
1 23
4 46
1 23
7 17
5 13
5 6
3 49
5 44
9 44
9 3
6 15
1 17
7 10
2 28
3 32
1 12
6 26
2 7
2 36
9 21
4 31
1 17
6 24
9 4
5 26
4 47
5 27
9 15
3 23
1 40
10 11
8 44
7 37
8 18
5 18
7 16
7 46
1 17
6 20
10 8
3 25
10 26
8 33
3 8
2 27
2 21
8 34
3 49
3 20
9 38
3 18
7 45
4 12
7 6
3 10
7 17
5 23
6 38
6 36
5 36
3 48
4 41
7 48
8 50
10 48
6 2
6 19
4 37
4 26
2 2
6 14
8 3
9 14
3 39
10 31
1 29
9 50
9 47
8 8
5 18
1 46
9 49
5 3
8 44
6 23
10 12
10 10
6 46
4 13
5 32
2 7
8 42
3 12
6 37
5 35
5 19
7 13
6 8
7 29
7 45
7 39
9 40
8 9
9 14
5 24
8 33
9 25
8 25
10 40
8 14
6 32
1 6
5 50
2 15
5 48
7 17
7 42
8 3
7 44
2 4
4 11
7 16
2 44
10 45
7 33
3 42
5 28
9 46
5 26
6 9
8 8
4 25
8 39
3 6
5 3
10 25
5 3
6 26
8 21
9 25
8 40
8 45
5 23
1 46
8 7
6 7
10 47
10 36
9 44
8 26
7 6
3 50
10 30
8 39
6 23
6 29
8 12
8 34
4 21
10 44
2 47
9 23
10 39
1 32
6 23
4 18
4 36
8 12
5 12
8 14
8 20
2 17
3 25
5 42
2 24
5 46
4 9
1 8
10 6
7 37
6 21
7 21
10 15
1 4
8 14
9 28
1 46
10 48
3 17
2 23
6 4
8 47
8 31
8 31
6 14
2 4
4 28
7 24
4 4
7 1
8 46
1 20
6 24
7 35
3 38
8 32
2 13
9 17
5 43
8 28
9 17
1 15
6 50
9 40
9 28
1 31
2 24
5 21
2 24
10 22
8 12
7 24
10 1
6 42
7 3
7 9
1 11
6 5
8 34
1 30
4 45
7 1
8 48
7 48
4 46
6 8
8 19
6 6
4 17
5 37
1 33
8 23
9 34
6 49
7 1
4 15
1 15
10 39
1 18
7 18
10 37
2 11
9 12
10 32
3 32
9 16
7 33
7 39
4 6
7 32
8 21
10 39
3 4
10 46
4 45
6 26
1 25
6 9
6 37
7 17
9 46
1 8
6 18
10 41
3 15
8 38
1 31
5 21
1 45
2 3
9 41
7 13
4 8
1 13
9 50
2 24
10 6
7 31
3 25
3 20
3 25
5 2
1 22
4 19
5 33
7 4
1 26
2 49
1 1
7 3
1 50
9 9
8 7
1 13
5 50
6 11
1 26
2 33
4 29
7 43
10 2
7 34
8 15
2 28
9 4
10 6
3 2
9 16
10 21
10 16
4 16
9 28
3 6
9 34
10 31
8 42
3 7
8 14
3 18
1 2
1 25
9 6
4 29
3 41
2 42
7 12
8 17
8 6
9 41
10 40
8 12
1 31
3 22
3 14
2 47
4 16
2 43
1 12
3 13
3 8
6 17
6 18
2 10
8 16
10 28
10 2
3 43
5 13
4 29
3 1
6 7
1 33
9 10
7 24
5 24
8 32
9 21
3 43
5 34
9 44
7 25
5 33
6 1
2 29
5 19
6 28
5 10
7 21
5 23
10 32
4 45
9 39
7 8
6 41
2 38
3 18
3 7
2 17
3 16
10 47
5 19
5 25
3 50
8 36
8 17
6 29
9 23
3 48
4 2
2 36
8 21
8 3
6 48
3 41
8 32
10 7
8 9
1 47
2 39
9 33
7 10
5 45
2 23
6 12
8 14
6 5
8 19
4 24
2 16
7 24
2 30
3 6
3 11
7 16
5 16
10 15
3 1
10 27
1 6
9 45
4 3
7 6
7 9
10 43
8 23
10 27
3 20
3 46
7 22
1 45
9 7
1 38
7 50
9 42
1 41
5 46
8 33
4 5
6 16
10 23
8 26
4 5
6 41
2 10
9 10
1 29
2 26
3 2
4 14
1 36
9 10
4 30
10 12
6 40
4 14
5 29
8 3
3 9
6 47
4 10
7 40
4 48
3 32
1 49
2 8
5 5
7 36
3 29
9 47
1 50
4 30
10 49
2 5
9 46
3 5
1 45
4 27
7 47
7 12
8 24
2 23
2 36
9 15
2 49
1 13
7 6
3 33
9 29
4 46
10 10
8 30
8 35
5 5
10 39
8 31
1 24
2 26
1 34
2 17
4 17
8 3
8 39
10 39
8 46
2 37
10 38
5 45
10 19
4 50
8 47
8 30
10 20
3 40
5 45
7 34
4 45
2 25
5 14
8 28
4 13
9 22
10 19
2 33
7 39
2 15
2 2
9 22
2 49
5 35
5 2
10 39
8 26
2 15
3 39
1 6
2 17
7 7
7 6
8 2
1 22
2 38
2 20
3 42
10 42
4 16
8 3
5 48
1 26
4 28
10 42
1 31
4 4
4 38
9 12
10 17
2 36
9 43
4 21
10 21
5 4
1 9
3 30
7 39
10 34
4 24
6 38
5 9
5 49
9 44
9 27
6 27
4 40
5 43
9 14
2 48
6 16
9 45
9 2
2 19
3 22
5 8
6 37
3 48
1 15
10 41
1 19
3 11
4 31
5 1
8 4
9 7
10 17
8 9
6 13
10 37
7 45
3 13
6 8
3 9
8 21
5 2
9 15
4 8
9 17
10 41
1 11
7 13
6 17
3 44
1 36
10 9
3 28
10 43
8 49
2 9
3 40
10 7
5 43
8 27
9 23
8 43
3 44
10 47
4 41
1 23
8 29
3 18
5 25
4 36
1 14
6 48
4 19
7 22
1 42
8 12
8 27
8 46
3 32
6 33
1 11
1 36
5 3
1 10
4 50
2 31
6 30
9 5
2 33
5 13
5 18
7 24
6 29
9 47
5 37
4 34
2 7
4 12
7 46
9 17
3 5
10 7
5 49
2 17
3 31
4 4
7 10
3 42
10 24
8 14
4 16
6 3
10 46
8 3
5 6
8 14
8 6
6 16
8 25
1 43
2 25
2 13
3 16
7 42
7 37
8 15
7 32
7 49
2 44
2 42
6 34
1 1
8 4
9 28
2 13
9 41
9 21
5 6
3 27
6 29
2 1
7 43
4 6
7 34
5 11
9 48
7 14
7 12
8 8
7 12
3 39
6 33
2 28
9 19
7 49
2 42
5 1
4 38
7 32
10 18
4 4
10 40
2 29
9 18
8 28
4 29
3 45
1 43
6 27
9 44
4 37
9 40
9 19
4 37
7 12
2 3
3 44
8 17
5 20
8 13
9 29
8 43
3 20
10 26
3 46
1 15
6 26
2 28
1 1
5 49
9 44
8 1
3 39
1 22
7 43
7 34
2 19
9 25
3 34
10 44
6 4
5 20
7 22
6 7
9 14
10 7
1 18
6 21
9 7
10 33
4 32
9 4
3 20
4 21
1 37
10 46
6 29
9 11
3 16
8 41
7 46
5 22
2 6
9 24
2 42
2 45
1 22
10 13
9 20
2 10
2 4
5 32
1 16
3 34
2 48
10 23
8 16
9 39
3 26
7 43
2 25
7 2
7 30
7 41
3 11
1 1
1 4
7 29
1 22
8 7
8 35
8 50
8 5
2 38
6 16
9 8
4 37
6 39
1 28
1 15
7 49
8 48
2 3
1 44
7 37
10 36
3 35
9 2
9 2
10 42
9 6
5 44
2 35
6 27
10 35
6 9
4 12
8 9
3 32
7 47
8 32
5 26
5 39
1 10
3 12
9 35
1 22
8 29
2 40
6 42
5 49
6 3
6 36
8 13
5 46
2 46
6 5
6 39
2 41
4 7
5 24
6 49
9 34
10 48
1 37
5 1
1 30
2 47
2 23
3 17
10 10
1 12
4 26
9 14
7 4
1 22
10 41
6 7
8 40
6 25
2 48
7 32
3 38
2 5
5 22
2 3
2 35
1 10
6 17
10 25
6 22
5 30
7 18
6 18
4 22
10 24
4 37
8 37
6 39
8 4
9 9
9 13
10 34
3 31
6 49
3 28
8 22
9 6
9 32
1 8
9 10
2 2
6 17
6 13
7 22
3 46
7 13
10 4
9 8
8 31
7 1
10 5
9 46
1 14
3 23
7 31
6 32
4 10
10 27
7 24
7 5
10 33
4 13
8 17
1 3
1 34
1 26
8 47
6 11
7 11
10 32
8 30
10 39
7 43
5 48
3 44
6 26
7 18
9 5
7 30
2 9
3 28
9 45
5 26
1 10
8 34
1 15
2 41
4 18
3 9
4 37
5 12
3 41
6 16
10 39
5 33
4 2
7 36
5 10
3 37
10 19
1 3
7 20
4 25
4 38
5 36
8 41
3 24
10 16
6 13
4 41
9 15
4 13
6 15
4 32
2 12
1 17
2 30
5 24
8 11
9 15
7 23
6 27
2 20
5 11
10 50
4 35
7 29
5 2
7 50
8 46
6 12
2 18
1 48
4 18
3 34
6 36
3 16
5 34
1 13
9 8
6 34
10 42
1 35
4 20
5 4
9 21
1 45
9 21
9 24
9 13
5 13
8 30
9 4
3 37
4 8
5 38
10 17
8 11
8 40
10 27
2 40
10 9
10 4
8 16
5 41
1 42
9 37
6 19
9 49
7 14
6 8
9 41
5 24
9 40
1 27
4 47
7 26
7 20
10 25
2 16
3 5
7 20
10 40
1 42
3 16
5 18
6 29
1 39
9 49
4 21
1 30
8 21
6 36
5 37
2 39
7 23
8 31
6 6
8 41
2 21
5 50
7 45
9 15
6 20
9 33
6 48
3 27
8 33
8 25
1 11
6 18
9 30
9 45
9 30
8 24
4 11
9 42
1 31
10 25
2 26
10 3
8 48
4 1
6 17
6 14
7 10
5 30
8 33
5 27
1 32
7 27
10 19
3 36
5 5
10 12
3 24
3 1
10 1
4 2
1 17
5 12
1 7
9 9
5 12
7 45
3 7
8 25
9 39
1 46
8 31
7 16
8 26
3 44
2 21
10 15
4 48
8 34
10 21
6 35
7 34
6 42
8 21
4 47
4 36
3 18
2 45
8 39
3 47
1 27
3 34
9 43
7 9
3 27
7 48
6 38
2 12
10 24
3 5
7 9
8 45
8 8
6 4
6 38
7 22
5 47
10 12
3 36
6 50
7 21
8 7
5 15
2 25
8 18
5 2
10 45
4 3
9 45
3 14
1 4
9 23
8 15
8 43
2 8
4 7
2 48
4 2
10 7
2 2
1 1
10 29
2 16
3 20
10 42
6 14
4 24
4 12
10 5
6 5
6 42
2 30
1 16
9 1
1 10
9 47
7 29
6 1
9 39
4 1
4 42
6 25
2 27
5 24
3 30
8 49
9 5
10 45
8 30
5 33
6 40
3 41
6 41
5 23
10 24
2 37
8 39
8 48
8 28
1 2
4 26
8 27
10 13
4 49
10 45
4 47
4 29
2 11
3 2
2 20
10 7
9 18
2 40
10 29
3 15
9 34
2 23
7 6
7 27
10 25
1 48
10 14
9 1
2 4
5 9
9 47
8 39
10 44
6 28
3 45
10 48
10 17
9 32
4 38
2 7
8 35
9 43
4 15
3 40
6 43
10 43
6 22
4 30
2 40
6 29
1 29
5 2
6 17
5 5
8 40
6 6
9 37
3 40
4 48
2 30
10 7
6 20
6 36
1 24
4 37
3 50
10 36
1 19
6 34
9 30
4 38
1 35
8 23
9 50
8 41
6 38
10 9
4 23
9 17
2 14
10 46
7 2
10 2
5 11
6 49
9 27
3 10
7 19
7 24
5 42
2 15
8 39
2 49
5 21
7 39
9 27
2 38
5 16
1 27
5 17
10 50
4 42
6 6
9 19
4 48
2 4
8 17
6 19
4 30
7 13
5 41
5 24
1 11
5 17
4 35
3 23
7 12
3 32
9 18
3 16
4 15
2 41
4 9
4 30
6 35
1 42
6 48
7 27
8 33
6 46
9 22
8 11
2 13
9 37
2 18
9 36
4 48
5 7
4 3
6 26
10 25
4 34
4 9
2 16
2 35
8 30
1 31
2 24
2 42
7 49
7 28
7 36
6 25
6 23
9 34
4 49
9 3
5 42
5 17
8 23
5 14
1 48
3 37
7 10
10 29
8 2
7 43
3 23
2 17
6 41
1 29
7 5
7 5
7 39
5 15
6 49
5 3
9 28
2 2
4 12
7 44
6 40
3 15
4 43
6 40
10 5
6 35
7 47
9 31
7 16
10 12
1 39
5 9
1 27
5 48
7 11
6 38
2 38
2 11
5 20
3 16
1 43
10 10
10 29
3 46
7 28
7 28
9 29
10 17
9 18
7 6
10 21
1 25
8 46
4 15
2 25
10 17
6 38
5 23
10 48
8 16
4 5
2 43
7 41
2 32
2 19
10 9
1 19
3 15
2 14
9 32
4 13
8 10
6 45
2 19
1 8
10 14
3 2
6 32
4 47
10 22
10 20
5 43
6 11
6 48
5 26
5 44
8 44
6 44
4 3
5 22
8 34
5 39
2 4
7 13
1 48
5 17
3 27
7 2
10 18
5 22
2 28
9 9
5 23
5 18
7 46
9 10
9 14
3 9
5 43
7 5
8 37
5 9
7 34
7 8
3 33
6 41
3 3
8 43
4 1
3 20
10 15
9 30
10 13
2 37
9 32
9 25
10 25
8 19
2 20
4 3
6 43
6 25
8 11
1 42
8 31
4 45
6 25
7 43
4 5
10 33
1 19
3 36
10 24
5 26
4 29
4 30
10 11
6 40
4 18
3 50
9 40
6 22
6 38
5 23
1 47
1 49
9 16
3 39
4 24
3 29
1 15
9 22
1 38
5 26
6 11
7 39
3 27
6 31
5 12
8 45
10 33
1 14
10 5
8 7
7 24
2 6
5 23
4 25
2 27
10 32
2 26
6 32
1 10
1 38
9 17
3 9
8 42
2 33
1 8
4 27
10 40
5 38
8 13
9 22
9 23
2 32
10 25
6 23
7 40
7 4
8 21
4 20
10 36
9 27
7 2
1 16
10 24
9 4
2 47
1 27
10 35
7 6
7 32
10 49
1 38
6 37
3 12
10 37
9 8
2 33
1 47
6 9
3 39
8 44
1 28
5 16
9 40
2 35
3 33
4 9
4 38
5 45
6 44
3 32
1 18
9 35
8 36
3 32
2 22
1 25
7 16
7 26
5 33
7 25
10 38
5 5
8 36
2 9
5 20
1 36
7 50
6 34
6 35
7 44
2 47
1 29
6 41
6 11
5 21
3 11
9 44
10 10
1 31
1 21
7 7
5 22
5 48
4 39
8 19
4 11
7 22
2 45
2 11
2 44
10 41
2 49
9 29
9 19
8 12
7 1
2 15
3 30
1 24
6 19
8 41
10 41
6 46
10 32
7 48
1 23
5 10
3 44
7 35
7 12
8 39
7 2
2 37
6 30
8 22
1 41
9 26
7 13
10 48
4 28
7 11
10 44
7 19
9 46
5 7
7 17
10 8
5 6
2 6
4 3
6 47
2 8
6 49
7 34
4 42
5 6
10 46
8 50
5 1
7 33
9 16
7 1
5 34
1 47
8 9
2 20
5 30
7 48
5 32
1 13
9 24
9 41
1 11
2 5
5 35
8 18
1 23
6 40
8 16
10 10
5 32
10 34
9 29
6 44
10 27
8 23
3 33
3 30
1 45
9 49
3 18
9 1
4 44
5 23
3 16
2 47
4 29
8 19
10 30
1 50
10 49
2 47
9 36
8 1
2 4
9 15
7 15
9 5
9 25
8 40
1 26
1 16
5 2
3 33
1 17
1 4
2 21
5 30
6 5
4 46
9 22
5 21
2 39
6 37
10 7
2 18
7 23
10 32
3 34
7 49
4 10
8 14
10 28
6 12
6 6
2 46
7 36
10 40
6 43
10 15
1 26
7 27
7 42
7 45
10 1
6 34
5 18
2 2
4 48
1 24
8 36
9 6
6 20
7 17
2 1
10 35
6 32
4 19
1 22
2 3
3 48
10 27
5 26
7 19
9 27
10 34
6 37
2 21
5 30
1 41
7 40
2 12
1 43
6 44
7 3
2 25
3 3
1 20
4 8
1 21
10 36
7 39
7 15
10 26
6 13
5 41
8 14
5 43
8 21
4 24
1 29
6 11
9 7
7 15
9 46
8 35
3 50
5 33
5 11
9 3
8 43
2 42
7 4
2 26
5 4
3 9
4 45
6 19
7 27
4 47
9 24
8 32
9 31
9 31
10 30
9 12
7 41
10 31
3 46
8 28
1 45
4 25
6 42
10 28
2 47
8 35
1 10
5 33
2 3
6 40
8 16
10 40
2 48
2 41
7 41
8 9
8 2
6 20
3 38
5 40
10 39
5 20
4 28
9 25
1 29
8 7
10 33
1 40
7 27
5 37
5 37
9 9
1 7
1 8
4 43
9 15
6 2
10 4
4 49
6 21
3 34
4 15
9 14
6 33
9 2
10 3
3 43
2 50
6 33
5 50
5 48
10 26
9 11
5 21
8 4
2 27
6 5
9 30
10 32
2 35
7 43
10 33
4 21
8 42
1 6
10 34
10 10
9 32
2 7
8 20
8 17
6 12
10 48
5 11
8 41
6 5
5 42
9 34
8 50
4 40
5 38
9 37
3 29
1 13
8 38
4 42
6 45
6 16
1 20
2 28
1 41
8 48
10 10
8 43
6 4
10 6
5 31
5 33
3 9
8 46
10 28
3 4
3 43
2 35
1 43
7 14
5 39
5 10
7 21
3 35
4 3
3 40
1 45
3 45
2 9
10 30
5 7
10 6
7 49
6 43
6 31
8 23
8 48
4 44
8 29
3 29
5 32
7 28
5 10
1 7
10 30
9 6
2 12
9 12
8 32
4 42
10 36
5 32
9 10
1 13
1 8
6 20
1 33
8 48
6 25
1 35
4 40
1 2
2 14
5 45
6 22
8 25
6 13
3 49
10 33
4 45
10 3
8 37
2 42
7 40
1 12
6 37
4 6
6 36
6 8
4 20
7 8
4 4
9 26
2 6
4 44
6 25
3 39
8 13
8 36
3 30
6 35
7 43
6 49
6 44
6 21
6 19
4 10
2 20
6 20
10 48
5 15
4 8
4 33
6 39
7 30
1 47
3 47
5 32
6 4
5 27
9 44
10 39
7 39
8 12
10 25
2 2
4 42
7 46
3 27
10 19
8 41
10 25
1 15
5 34
9 2
4 24
3 41
10 1
8 21
7 37
8 42
6 44
2 6
5 26
2 18
9 4
7 46
10 34
1 32
3 34
3 8
7 5
7 50
1 21
5 34
5 8
7 31
6 48
5 40
8 32
9 26
2 16
7 36
7 6
3 1
4 38
2 24
10 31
10 4
4 27
4 14
1 18
1 32
5 39
4 38
3 45
8 23
2 39
6 2
10 45
3 27
1 39
7 1
5 35
7 20
1 32
4 38
5 7
9 22
1 33
2 20
1 20
7 48
8 32
7 3
5 16
2 14
6 25
4 14
7 4
3 3
2 39
3 25
10 32
1 44
6 43
10 21
7 49
2 29
8 21
4 46
3 43
8 43
9 26
7 45
5 18
6 14
6 12
7 29
4 8
4 40
1 29
7 16
3 5
5 40
6 36
1 28
10 17
9 22
1 12
10 10
1 21
7 28
2 46
3 11
3 10
7 29
10 50
1 21
3 7
4 34
3 50
6 34
7 39
10 41
1 17
10 22
7 40
4 39
4 18
5 50
5 47
3 48
4 12
9 26
2 50
5 33
3 45
5 37
4 11
10 44
6 45
5 24
2 27
4 25
3 47
10 44
6 11
3 38
7 26
6 42
9 10
6 49
1 22
9 34
6 21
5 47
3 32
1 42
8 8
9 4
9 47
3 39
9 32
2 20
5 23
8 32
9 35
5 21
9 17
10 50
8 34
5 45
9 27
5 10
4 24
10 13
10 8
1 11
2 5
4 22
1 2
10 16
8 48
5 1
10 28
7 14
1 41
9 15
9 12
7 3
6 33
9 35
10 9
1 6
10 4
10 45
4 49
1 44
4 32
6 47
6 10
4 42
3 6
6 8
9 48
5 46
4 49
3 3
1 1
9 44
3 38
5 28
3 1
6 31
10 36
9 19
1 3
2 22
7 42
4 24
3 17
3 46
7 11
6 49
6 28
4 5
2 42
1 15
3 38
1 29
9 13
2 5
6 38
1 11
7 23
5 48
3 16
8 49
5 7
7 47
7 48
2 33
7 26
5 3
6 29
9 13
5 21
6 44
2 14
5 11
8 15
10 10
10 15
4 47
3 41
2 4
8 19
7 26
4 13
2 4
4 46
5 42
9 50
1 4
8 29
4 48
2 11
2 12
9 40
1 11
9 24
9 17
3 27
4 22
1 15
1 30
1 14
1 17
10 40
10 33
9 31
2 7
4 11
5 46
9 35
7 13
1 26
7 38
8 28
3 3
4 18
3 29
2 31
2 15
4 25
7 34
1 38
10 2
1 2
3 29
2 22
1 16
8 46
1 32
1 14
4 50
1 13
1 21
1 17
3 33
10 11
7 45
9 44
4 12
6 42
5 33
3 35
9 39
1 4
6 35
8 11
3 43
10 45
1 47
7 37
1 19
2 20
8 2
9 18
3 23
8 32
9 28
3 26
7 18
4 22
6 46
6 15
2 25
7 7
6 35
2 42
4 47
6 44
1 34
4 1
10 32
8 33
3 26
6 34
4 41
9 2
1 45
9 1
6 44
4 18
6 8
4 40
3 32
10 49
10 13
7 31
1 45
7 6
2 35
7 9
8 17
2 5
8 40
3 24
1 16
2 8
4 17
4 5
9 47
9 2
4 7
1 10
9 3
10 3
5 26
10 48
5 13
9 15
4 5
4 44
3 25
7 2
1 30
8 16
2 24
4 36
5 38
2 17
9 17
8 49
6 9
2 11
9 15
7 34
6 33
6 39
8 32
1 29
5 8
2 15
9 49
10 48
1 32
5 11
10 43
9 48
2 34
8 33
3 5
1 41
5 29
4 32
8 35
10 42
4 16
2 10
1 39
2 5
8 14
6 26
1 32
2 38
7 26
10 26
9 24
10 48
2 24
10 28
4 37
5 2
5 35
1 28
1 7
2 31
9 33
4 36
4 36
8 11
7 15
7 46
7 23
6 16
4 34
1 16
2 24
1 6
5 30
8 1
9 10
7 48
5 9
6 7
6 26
3 37
5 12
8 17
10 48
6 11
4 10
2 26
10 7
2 31
2 3
5 26
8 3
8 25
2 39
1 43
4 35
6 44
1 2
10 33
8 16
7 43
9 31
9 27
3 4
4 31
2 37
4 28
9 45
7 49
9 26
6 49
5 22
7 46
2 19
3 18
1 29
2 3
1 37
6 8
5 36
6 3
8 21
9 38
6 4
1 35
7 39
5 24
6 34
7 14
3 43
6 6
7 4
5 15
2 18
6 24
8 41
3 10
5 34
2 41
4 25
5 23
4 47
5 8
5 2
6 38
10 39
10 14
7 34
3 43
9 36
6 16
10 48
9 29
1 41
8 36
6 38
1 37
4 13
5 28
3 35
5 43
3 15
9 34
9 16
6 42
1 41
6 22
7 27
7 33
7 18
10 20
1 23
7 7
7 6
6 46
5 20
4 34
7 9
5 15
3 37
8 50
5 17
3 48
5 18
3 36
1 2
6 39
7 39
6 32
9 43
9 50
5 30
4 8
10 17
7 19
10 40
6 5
3 28
1 42
9 27
6 49
5 50
2 34
7 19
3 23
5 32
5 39
5 24
2 47
9 30
6 43
4 3
8 1
7 41
10 33
5 33
7 38
4 39
2 41
6 15
8 31
10 30
5 47
2 37
10 34
1 8
7 21
7 3
10 21
4 19
3 7
9 47
6 8
5 41
6 6
4 16
10 18
2 24
3 8
10 34
3 37
1 7
1 31
9 39
1 18
6 50
6 13
4 37
3 40
9 5
9 16
2 34
2 6
2 34
8 3
1 46
5 23
2 15
8 29
7 3
6 11
6 9
4 4
5 14
10 29
8 34
4 31
5 9
8 49
7 11
5 19
8 10
4 22
3 6
6 41
7 38
9 37
8 3
7 4
4 29
1 9
10 34
5 17
8 16
7 14
7 50
1 29
1 5
9 24
8 29
2 10
5 16
4 31
3 37
2 32
8 20
3 19
8 5
6 31
8 33
10 20
8 38
5 30
4 38
3 22
3 12
9 29
10 39
10 22
3 25
2 4
6 49
1 7
3 42
4 40
7 27
5 29
2 43
9 3
8 2
8 42
5 27
4 28
8 43
1 7
5 13
2 3
10 40
3 36
7 27
7 10
4 11
10 48
7 49
7 48
6 26
4 23
7 6
10 12
9 18
7 9
7 3
6 20
9 13
4 7
10 29
7 11
10 35
8 14
9 36
8 9
2 15
2 34
5 15
7 37
1 20
3 5
8 6
7 21
4 44
8 43
5 8
6 32
1 47
4 21
7 36
4 39
9 23
6 5
9 19
5 21
10 44
5 22
6 26
9 21
5 9
2 27
5 41
7 31
6 4
2 18
1 22
4 27
8 17
9 44
2 14
3 25
9 28
9 37
8 4
6 36
8 38
1 23
4 20
8 5
1 44
5 34
6 11
9 46
10 37
5 46
7 50
2 12
9 42
8 2
5 50
2 21
4 1
1 31
10 9
7 15
1 19
10 43
6 10
5 32
8 14
5 2
7 31
8 20
10 40
3 43
8 47
3 43
1 9
10 42
10 32
3 34
8 2
5 46
2 9
7 43
2 29
3 8
1 9
4 39
1 28
10 48
8 44
9 30
7 39
2 24
5 29
10 40
4 22
10 44
8 7
1 11
7 28
6 43
2 1
7 28
1 46
7 26
2 3
6 31
8 27
3 42
6 17
7 49
5 41
10 5
5 24
9 14
8 8
9 29
8 43
8 14
9 25
3 41
6 24
3 18
4 22
2 14
3 44
6 9
8 47
2 12
1 18
8 29
2 13
1 18
4 45
1 23
10 17
4 47
1 20
10 2
6 23
10 31
2 27
1 28
10 5
9 48
1 44
1 38
6 48
5 30
6 44
3 29
8 13
4 47
5 30
8 14
8 46
9 25
10 33
5 21
2 34
7 41
5 1
4 29
2 3
1 19
3 12
7 16
2 30
2 49
9 37
4 18
6 22
6 34
9 28
10 25
9 16
5 12
3 7
7 39
5 21
2 2
9 39
9 37
5 14
4 43
2 39
3 31
3 22
5 39
4 3
2 37
1 15
2 14
1 5
3 16
4 22
6 21
8 23
2 34
7 34
9 32
7 34
5 19
2 32
6 17
10 39
6 37
4 48
3 37
3 31
6 50
2 4
10 6
5 38
8 37
10 6
8 15
9 20
9 24
7 33
9 3
3 15
10 44
8 10
5 46
9 2
9 5
3 48
8 37
7 41
8 46
8 34
4 30
3 44
9 40
5 8
4 32
1 8
8 12
4 21
6 33
8 21
7 21
10 11
5 40
2 12
1 21
10 10
7 14
6 5
2 22
4 17
1 38
5 22
7 25
4 17
8 9
9 44
1 39
10 4
2 49
4 33
1 18
6 30
2 16
6 12
4 15
4 45
10 32
4 34
5 20
1 7
1 17
2 9
10 40
4 35
10 20
2 36
7 11
2 14
4 33
2 20
9 24
6 6
9 48
4 35
2 10
5 5
6 10
2 15
8 9
1 32
10 44
6 31
10 9
5 43
6 13
4 2
4 30
6 40
2 39
4 48
7 10
3 39
5 3
2 48
8 12
5 8
3 3
9 31
9 4
2 23
8 8
1 32
5 17
2 37
4 10
4 21
6 5
2 18
3 9
2 47
7 47
7 36
8 43
2 28
10 43
4 1
7 16
6 44
9 42
9 2
3 2
8 45
5 13
2 39
7 13
6 17
2 1
8 35
7 26
9 36
5 30
4 26
2 28
2 35
7 16
7 37
2 35
9 37
1 42
4 24
3 36
5 23
8 49
3 24
6 4
2 21
5 34
5 42
6 5
4 32
3 48
5 47
1 28
2 38
8 3
7 20
2 35
2 1
2 48
8 12
6 18
10 19
1 9
5 37
3 31
9 36
9 2
3 26
9 21
2 37
4 18
6 47
4 25
9 7
9 3
4 48
5 22
5 39
8 11
9 23
4 48
5 40
6 40
4 32
2 23
1 36
8 44
6 37
8 46
4 11
1 25
4 43
10 23
3 17
9 8
10 30
3 30
9 47
3 33
3 15
8 21
5 36
10 40
3 3
3 11
5 29
1 14
1 28
8 30
5 7
2 46
10 15
2 49
3 29
4 6
10 1
1 18
5 34
6 19
10 48
3 26
9 46
2 14
4 4
10 25
4 30
9 23
5 17
2 20
2 10
2 41
7 2
9 21
7 3
5 26
8 14
9 18
3 35
3 23
7 32
7 44
8 50
5 23
5 25
9 30
2 40
9 12
8 42
9 40
2 6
5 36
9 25
9 26
1 31
5 24
9 16
10 46
5 26
5 8
2 34
7 35
4 48
5 39
5 11
9 48
9 21
8 24
4 30
5 36
1 34
5 42
5 14
10 2
6 11
6 20
7 34
1 37
2 13
2 33
8 1
6 14
10 27
3 11
10 7
1 11
3 11
5 45
10 19
6 38
8 34
3 50
4 10
4 12
5 18
8 39
1 24
8 27
9 23
3 26
6 35
8 30
10 5
8 21
10 18
9 29
9 30
2 44
9 32
6 30
9 19
4 10
5 10
4 16
3 4
4 12
6 12
5 40
6 48
3 9
4 46
10 47
1 41
9 10
7 44
7 24
7 40
4 5
3 31
6 6
7 7
1 49
7 9
1 47
2 39
3 23
3 1
3 2
3 12
3 48
8 15
2 27
8 48
4 26
9 31
10 48
7 8
1 10
2 45
5 3
2 13
5 44
2 38
9 49
8 22
5 46
10 30
7 29
9 36
6 4
10 26
10 2
6 18
7 43
9 21
1 23
7 11
10 10
8 35
8 18
2 11
10 28
6 40
10 30
10 2
2 24
4 12
6 45
4 10
9 44
1 38
2 28
3 50
1 5
3 23
6 26
3 10
10 10
10 33
2 42
1 25
6 44
10 29
4 20
7 36
7 16
5 29
1 47
7 13
2 32
6 26
6 43
8 49
6 24
8 13
9 44
3 1
10 14
9 9
6 12
10 31
7 46
8 30
1 33
7 15
10 27
6 8
1 32
7 31
1 16
6 43
10 10
9 11
1 28
5 37
8 48
10 4
4 5
2 50
6 8
8 31
10 7
10 44
4 16
2 45
7 24
6 40
6 14
8 45
3 8
3 22
4 6
6 24
10 42
6 49
4 32
4 13
1 40
1 4
2 36
6 29
1 40
9 24
6 19
10 43
4 22
7 30
7 46
2 2
10 44
7 43
2 20
10 24
4 40
3 25
5 24
8 50
7 23
8 11
10 17
9 21
2 6
10 6
3 39
2 6
2 20
9 29
1 49
9 15
5 16
7 14
7 49
6 48
6 33
1 14
9 7
2 22
1 20
3 35
5 11
7 21
4 42
7 21
1 46
9 42
9 6
10 6
3 45
7 16
3 16
1 12
8 33
10 43
6 48
6 3
10 27
10 44
5 29
10 32
5 7
9 41
10 41
10 13
7 12
10 11
10 28
3 7
5 33
10 29
5 7
6 37
2 10
5 2
3 4
3 21
8 21
6 6
6 3
6 18
10 40
6 23
10 5
6 13
5 48
9 42
1 35
2 35
5 20
8 38
6 47
6 8
8 1
2 9
8 10
1 37
5 25
7 44
10 33
5 39
6 42
9 47
3 3
5 4
7 12
8 19
8 15
8 43
6 47
9 3
9 25
8 49
9 43
3 40
1 22
3 48
10 19
6 33
9 14
10 28
4 20
4 3
10 46
4 32
6 44
3 38
9 16
2 9
3 20
4 19
1 22
8 21
4 33
9 21
9 34
9 38
5 20
8 29
9 33
6 4
8 50
8 14
10 44
10 10
2 39
8 11
4 11
2 4
6 35
7 46
4 44
1 16
7 37
6 18
9 9
5 18
5 20
4 46
3 29
4 11
5 20
8 10
1 41
8 35
9 4
5 48
3 21
10 5
6 46
1 34
4 16
8 32
2 5
1 40
6 9
9 35
9 50
2 35
7 10
10 43
9 25
5 9
8 29
8 42
5 47
2 48
10 47
6 21
6 15
7 46
2 11
4 15
9 14
7 2
5 33
4 22
2 45
7 6
6 16
6 5
4 16
9 25
6 32
5 42
4 27
6 13
6 18
2 2
6 35
10 39
6 18
2 1
7 18
8 50
7 15
10 17
8 46
5 36
10 4
2 24
4 36
6 39
8 24
6 1
4 11
5 15
10 41
9 15
2 14
8 4
7 13
4 21
7 47
7 4
4 25
2 30
4 49
9 14
7 25
6 25
4 37
4 18
5 30
6 6
7 32
5 27
5 11
10 35
4 2
1 43
1 10
5 45
5 26
1 20
3 3
7 21
6 25
7 18
5 11
7 18
9 2
6 3
3 37
10 13
5 22
5 38
1 5
10 9
10 40
8 21
4 33
4 30
10 8
7 49
6 2
9 42
7 5
9 35
6 7
7 23
2 16
3 48
3 14
2 12
7 50
4 36
7 32
7 21
1 24
5 31
4 23
9 45
7 25
8 44
3 40
1 13
10 47
5 12
3 4
8 4
6 4
3 49
1 35
7 15
2 29
3 23
3 34
1 49
1 42
6 13
2 49
4 3
10 31
5 41
9 22
1 42
4 37
2 14
3 1
6 1
4 42
4 17
9 1
5 31
9 15
3 34
1 15
4 47
2 29
3 43
9 37
3 25
6 37
3 26
10 9
10 50
6 5
2 17
6 5
8 27
10 38
2 3
4 50
3 1
3 20
8 45
1 38
7 12
9 41
3 33
8 35
7 37
4 1
1 29
3 44
8 3
5 43
10 46
7 39
8 45
3 13
3 30
6 29
6 13
1 16
8 43
2 39
8 32
2 29
2 19
1 5
8 14
4 5
5 24
3 13
3 37
10 29
10 37
1 10
4 22
3 50
6 3
1 50
2 14
7 13
3 12
1 15
4 33
1 29
10 19
8 49
6 31
5 45
9 36
10 16
4 10
2 40
9 11
10 4
8 13
9 41
9 18
2 36
10 9
10 25
1 50
8 40
5 35
10 8
8 18
7 43
10 11
2 9
8 47
4 21
9 18
7 38
5 47
6 25
6 42
8 4
1 23
5 39
4 15
10 44
1 42
9 46
3 5
3 11
9 36
10 32
10 20
4 25
3 2
1 11
8 14
4 19
5 35
1 8
8 45
3 8
4 29
10 10
1 43
2 9
1 8
5 7
4 15
1 24
7 47
10 3
3 48
6 9
8 45
4 38
1 1
5 13
2 44
10 10
4 36
2 34
6 26
7 25
9 6
10 30
7 45
2 22
1 40
6 27
7 47
2 40
7 25
7 18
9 39
6 9
10 6
9 34
1 41
5 9
4 25
5 41
6 25
2 18
4 7
9 14
3 19
6 29
7 1
1 6
9 3
2 32
8 40
8 18
10 22
2 31
4 11
8 25
7 28
2 36
1 8
9 39
1 20
8 3
5 24
8 46
9 17
2 50
5 30
10 35
5 3
1 3
7 30
1 10
2 5
1 43
8 49
6 34
5 49
8 16
9 50
2 36
4 12
4 8
4 24
7 39
8 10
7 43
2 33
9 34
6 40
4 3
5 24
1 1
8 7
4 27
1 42
8 37
3 14
9 37
2 33
1 48
10 45
4 31
10 44
1 40
6 16
7 31
10 28
4 28
10 48
4 37
7 20
4 32
4 46
4 31
9 17
9 30
10 29
5 48
4 29
2 50
9 45
2 31
10 40
10 12
2 38
9 19
1 13
3 6
1 49
6 35
3 25
2 34
10 24
3 29
3 15
4 6
8 15
10 31
1 8
9 1
5 35
8 15
10 13
10 42
7 16
2 27
4 26
7 6
9 12
7 14
9 46
10 36
4 11
5 7
7 11
9 7
9 14
9 49
2 35
5 19
5 20
1 23
7 40
2 50
8 23
10 25
1 24
8 42
7 41
3 35
7 23
3 15
1 38
7 50
5 17
10 36
9 43
8 8
10 31
1 7
1 30
5 33
2 38
6 6
7 19
6 47
3 2
7 38
1 30
3 11
10 22
4 15
9 8
4 23
6 36
3 14
2 46
3 47
9 10
3 46
2 37
5 15
3 49
10 2
4 5
6 20
2 14
10 21
6 34
10 37
5 33
5 21
3 34
7 29
7 32
2 47
6 19
3 11
5 37
10 18
1 32
10 16
2 6
6 17
3 44
7 1
6 27
6 39
8 24
7 43
8 27
7 7
9 6
8 19
10 5
6 15
3 49
2 12
8 22
2 20
10 29
8 20
8 44
6 43
5 5
2 49
9 32
8 48
9 36
1 34
4 25
10 20
1 18
8 16
6 45
4 35
4 41
6 21
1 38
7 14
8 7
7 14
3 26
6 30
5 37
3 24
7 45
6 21
4 32
10 29
7 39
1 30
8 47
6 24
10 13
4 4
1 44
5 25
7 28
9 17
7 20
6 37
2 4
7 28
5 32
5 9
4 6
1 34
5 44
3 37
10 47
4 46
8 11
1 1
9 39
3 12
4 15
1 3
5 4
7 49
4 29
4 16
4 50
6 31
8 6
8 13
4 34
8 35
1 46
1 45
10 22
1 49
4 13
7 45
6 50
9 39
6 30
2 20
6 24
8 45
6 31
2 18
1 24
2 9
4 15
6 44
7 34
7 29
3 11
6 22
7 19
1 37
5 34
8 10
5 13
5 43
7 28
2 9
5 22
10 7
7 27
6 10
9 20
6 9
8 9
1 13
2 31
1 43
2 41
6 5
1 17
7 40
4 26
1 11
3 13
9 33
10 14
8 21
1 24
7 34
4 7
1 27
8 21
8 19
4 39
1 32
5 29
4 20
10 28
5 31
8 49
4 8
10 48
1 33
3 36
1 13
7 16
4 28
8 39
2 47
3 38
1 12
7 36
2 23
5 24
4 24
2 18
8 19
1 6
6 27
4 9
3 42
6 22
7 40
4 11
3 11
10 49
8 13
3 6
7 18
3 7
2 27
4 48
1 32
6 36
5 40
1 10
8 35
10 27
5 17
6 4
6 26
3 47
4 2
4 9
10 21
1 49
10 41
7 28
7 36
1 16
5 2
7 32
5 31
8 3
6 12
2 17
6 15
6 7
1 40
8 25
1 1
10 31
2 21
8 19
5 40
4 34
8 13
5 5
9 14
6 13
3 19
8 34
1 44
2 3
6 13
1 40
10 31
2 22
2 25
5 28
6 20
9 38
7 10
7 7
8 21
4 33
5 23
3 42
7 39
3 33
3 2
5 41
1 31
1 12
9 48
5 25
3 15
3 37
3 19
4 21
1 27
4 50
6 37
5 8
5 50
1 46
10 10
8 1
9 34
8 18
2 22
3 40
4 50
2 13
7 47
5 11
10 13
6 41
7 47
6 27
9 8
3 13
9 11
4 50
9 8
2 15
3 25
5 20
7 7
3 34
10 48
4 37
3 7
7 39
5 35
4 30
1 29
9 46
4 25
6 45
7 31
10 22
7 50
10 47
9 19
4 49
8 18
10 4
9 2
3 7
4 1
1 4
10 19
1 2
1 29
2 23
5 4
10 20
1 9
3 11
5 41
4 34
10 22
8 4
5 17
5 20
4 3
2 45
6 5
6 23
2 10
8 26
8 46
10 23
4 6
3 17
1 41
9 35
3 8
1 44
2 24
5 26
1 34
8 30
8 37
9 36
4 6
1 2
5 24
9 36
2 5
4 16
2 6
8 41
6 5
6 28
3 47
10 43
8 11
3 4
8 4
9 27
3 2
