10
1000
7 30
6 3
9 39
10 49
10 12
1 28
8 9
8 33
9 2
8 32
2 38
9 25
4 7
8 7
2 48
10 36
2 48
6 9
3 34
4 27
4 27
6 4
6 48
9 23
2 41
8 11
5 3
5 1
9 15
2 24
1 37
1 48
2 36
3 9
6 10
2 5
6 44
4 44
5 19
10 9
3 20
4 26
10 39
4 8
2 5
2 18
6 5
6 8
6 7
10 35
10 38
7 27
8 16
7 29
3 1
8 33
7 30
9 39
4 35
6 49
8 48
7 33
8 14
8 8
5 6
8 36
6 49
5 30
1 38
4 40
7 48
8 6
3 23
4 50
9 12
1 33
6 20
1 50
3 45
10 14
9 12
2 20
2 18
1 19
10 38
5 47
10 21
1 32
6 13
6 47
2 44
9 27
3 23
1 25
10 25
4 39
6 30
6 36
4 34
10 18
8 28
5 15
7 42
10 30
7 14
8 32
8 48
1 29
2 40
10 25
7 29
8 6
6 25
1 10
5 24
7 11
9 33
7 27
3 1
5 4
5 14
9 2
7 8
8 23
9 37
9 18
10 18
4 45
10 7
6 25
5 36
5 41
5 36
7 28
8 7
7 39
1 38
3 15
10 3
5 50
10 20
9 41
6 39
10 41
8 23
1 15
2 49
10 35
5 19
8 25
8 28
9 19
5 26
6 7
2 21
4 7
3 36
1 43
9 17
7 23
2 48
10 40
9 37
3 23
8 19
3 15
8 13
4 6
8 20
1 5
4 41
8 43
9 32
6 31
10 9
7 3
10 25
6 25
10 15
3 11
1 45
8 27
4 20
8 27
8 12
3 44
6 21
4 1
3 22
5 32
9 7
2 10
6 37
8 11
7 49
4 17
2 38
5 42
1 21
4 48
1 8
8 30
9 19
4 8
3 9
3 8
9 8
4 30
8 48
4 12
7 38
5 38
4 1
10 32
2 37
3 47
10 4
8 10
2 21
2 37
9 36
1 50
8 1
1 12
10 31
6 37
6 27
7 11
10 8
1 30
5 40
4 25
10 18
8 43
7 45
2 4
10 12
6 6
4 27
10 36
10 15
9 19
8 31
6 31
5 41
8 13
5 17
10 7
8 21
5 37
7 30
4 18
8 15
8 43
2 42
5 1
4 17
2 31
6 37
1 38
6 43
1 45
10 25
3 34
3 7
9 19
10 48
7 17
1 27
6 50
8 24
6 11
7 18
9 49
8 13
1 22
4 25
6 48
4 43
10 43
8 2
8 39
5 40
1 8
2 40
2 38
9 32
7 32
1 41
2 24
8 43
9 23
2 50
1 2
8 19
8 31
4 12
8 26
9 8
2 4
2 25
5 2
9 49
6 46
7 35
2 5
7 40
4 42
5 2
6 3
7 10
8 31
9 37
2 9
6 15
2 27
3 23
6 32
3 19
4 4
9 50
4 11
3 48
10 26
10 49
1 50
3 35
10 44
4 30
9 18
5 45
6 29
5 12
10 7
2 15
1 13
6 49
7 27
10 5
8 1
6 21
10 45
6 45
7 19
1 7
6 44
7 16
3 33
6 32
9 17
8 28
3 23
4 25
1 1
3 42
2 35
10 2
3 36
3 10
4 45
9 37
7 48
10 26
4 48
7 33
8 9
6 26
8 37
3 27
8 30
6 31
9 15
9 34
10 18
6 27
10 49
2 8
4 33
3 33
5 44
3 21
5 34
6 33
2 4
9 38
7 7
5 33
4 44
6 21
7 5
4 41
2 28
1 35
7 34
9 47
9 23
4 19
9 29
5 4
2 18
2 23
2 33
7 37
3 38
6 31
2 1
2 23
10 3
7 27
5 41
4 32
2 20
10 12
3 25
7 46
2 31
9 43
4 35
6 48
9 21
6 5
3 36
3 5
9 9
3 10
9 41
5 48
7 26
3 18
9 12
8 9
4 47
8 14
6 1
2 21
5 20
1 38
9 7
9 6
2 17
6 49
1 22
7 27
4 41
6 33
10 47
10 46
3 18
10 35
4 42
4 39
2 26
9 6
6 24
9 24
6 17
6 50
7 20
8 44
7 32
4 17
6 44
3 32
1 38
3 25
1 35
5 24
5 14
7 17
7 11
1 9
7 39
4 32
8 16
8 7
7 47
5 16
5 6
6 20
2 47
6 25
9 21
1 1
5 25
8 14
8 45
1 48
6 32
2 15
7 18
3 50
5 26
7 7
4 31
1 44
8 31
5 4
10 15
9 48
6 12
1 1
10 40
6 17
6 22
7 21
4 30
10 39
2 2
8 21
9 21
8 4
9 30
4 30
5 7
2 30
6 23
6 4
2 24
5 4
4 27
1 35
5 14
3 6
6 20
5 46
2 12
7 25
6 38
9 36
7 22
5 25
10 37
3 23
8 33
10 2
5 24
3 31
8 36
8 5
9 27
7 40
2 49
2 8
5 15
4 32
6 25
6 44
5 36
7 37
5 34
1 50
9 1
3 38
6 23
4 32
10 25
4 31
8 39
1 1
2 30
5 40
1 32
7 48
10 46
3 22
5 17
7 18
7 15
5 24
4 3
6 45
5 46
10 42
9 23
4 38
5 9
4 40
9 42
2 8
10 18
8 45
10 14
8 18
8 8
10 46
7 38
8 6
3 17
5 9
1 13
10 8
10 33
9 22
1 42
8 3
10 39
8 7
1 45
5 46
3 1
5 24
3 18
7 47
2 33
10 4
2 46
5 28
10 10
6 43
10 47
7 48
4 15
5 31
4 23
5 21
10 10
8 14
6 39
2 40
7 10
10 34
7 37
7 45
9 30
6 43
1 46
10 6
10 8
6 24
6 41
4 16
4 50
1 21
8 32
8 6
5 10
3 21
5 2
6 25
1 5
9 21
2 21
9 19
7 11
2 30
3 46
3 17
7 10
7 31
2 31
9 17
3 24
1 44
5 26
8 5
6 16
2 48
4 35
10 34
10 15
5 1
7 6
6 10
7 16
4 39
3 46
4 31
5 45
9 9
6 6
10 34
10 25
8 37
8 49
10 37
6 18
10 34
6 20
1 5
4 15
7 10
5 27
8 2
7 21
1 48
5 29
8 26
6 5
3 5
10 36
9 43
4 36
2 8
7 46
3 31
7 47
8 42
5 26
7 28
7 45
9 1
5 6
9 27
2 20
7 41
4 49
5 30
3 18
3 19
9 48
9 1
3 11
4 47
1 14
10 7
10 19
6 23
7 29
3 24
8 37
4 32
5 37
4 15
1 46
1 46
4 11
8 5
1 14
7 46
3 3
7 43
8 5
9 19
2 33
7 14
1 2
4 6
10 18
7 19
2 3
5 36
3 14
7 27
2 7
2 10
4 33
1 34
3 47
2 36
2 3
6 43
9 42
6 34
3 45
7 11
9 34
4 42
1 18
6 22
3 43
10 1
10 43
7 6
5 1
3 5
5 3
8 40
9 37
7 39
2 35
4 22
8 40
2 32
8 19
6 22
8 49
4 4
6 7
1 50
8 19
2 17
10 34
6 41
4 8
7 22
10 48
6 39
5 26
8 5
6 50
10 13
10 22
6 15
1 7
6 18
5 26
4 37
6 23
4 23
9 35
1 48
8 15
9 1
2 49
9 12
1 43
1 16
2 9
1 50
8 5
5 15
5 12
10 25
4 14
7 31
9 14
7 23
9 33
5 14
5 41
3 47
3 25
2 43
5 25
3 12
8 43
8 31
2 16
3 12
10 42
9 27
6 43
2 31
3 1
9 11
8 27
5 49
8 22
8 35
2 35
9 11
10 33
10 1
5 5
4 15
6 20
6 28
1 43
8 33
4 38
8 34
10 19
10 36
2 20
8 32
3 2
5 4
4 42
4 5
5 49
8 12
5 50
9 29
10 16
10 23
1 22
8 39
8 45
10 1
8 15
4 32
3 47
8 15
9 40
2 9
9 38
1 13
5 13
2 38
7 25
4 42
2 30
5 5
6 42
7 7
7 17
3 50
1 43
6 39
1 17
7 29
2 9
5 43
9 40
8 33
5 20
4 44
8 21
4 30
7 45
10 32
3 5
5 22
5 37
5 12
10 28
10 15
3 7
5 2
9 16
9 13
10 41
5 34
10 12
9 44
5 2
2 17
3 46
10 27
2 32
2 2
1 10
9 39
3 36
9 28
8 2
8 21
6 22
1 12
4 24
2 42
5 15
3 9
8 2
10 33
9 9
8 40
3 48
9 11
3 33
1 46
6 4
7 32
1 31
3 35
2 47
9 1
10 11
4 27
2 14
5 35
1 21
3 30
8 10
5 10
10 30
10 44
6 45
8 38
10 20
7 25
3 36
10 43
7 46
6 17
5 15
6 3
1 21
3 17
10 48
1 14
8 25
7 34
10 50
4 37
1 29
8 21
2 2
2 16
5 24
9 11
9 20
3 27
3 6
7 29
8 41
4 36
7 47
8 3
3 23
1 20
7 12
2 42
1 16
4 33
4 4
2 26
1 40
1 16
6 22
