10
3000
9 18
6 48
4 47
2 46
10 19
3 27
1 36
5 24
10 39
9 7
10 14
6 14
10 20
2 2
6 1
6 17
8 44
1 29
10 14
9 7
9 24
2 44
2 15
4 16
9 21
1 15
8 26
5 34
2 37
8 1
8 5
6 26
1 23
3 32
4 3
9 12
9 23
10 25
9 33
2 42
6 41
8 45
9 40
6 6
8 16
9 37
5 22
7 29
3 1
1 26
3 15
5 44
8 26
4 2
10 17
4 50
4 5
5 32
3 30
2 34
10 34
5 3
8 35
7 15
3 9
9 38
8 23
10 40
5 6
3 36
7 1
8 36
5 4
10 6
8 23
3 38
3 26
1 14
6 18
9 15
1 3
9 21
9 36
5 1
7 3
7 2
6 20
3 10
10 43
1 25
10 3
6 27
7 50
5 29
2 33
3 33
3 16
3 44
3 20
1 8
2 25
10 31
3 40
4 21
8 1
3 13
8 16
6 5
2 4
5 36
3 37
1 24
10 30
10 43
5 28
7 13
3 22
3 39
8 7
4 24
8 29
10 2
4 41
3 16
9 9
4 9
4 7
6 10
3 11
4 47
4 7
8 24
7 8
9 31
1 34
8 38
6 28
8 45
9 8
10 12
8 49
2 10
5 4
3 37
9 17
9 40
7 13
1 26
5 9
3 48
2 9
4 16
3 29
2 26
7 22
2 12
3 33
8 44
9 17
3 39
9 15
7 46
7 12
9 21
8 43
1 46
3 12
1 27
8 21
8 28
4 16
5 43
2 2
8 46
2 45
7 41
8 40
8 14
2 45
9 12
10 47
3 14
6 38
7 37
10 49
3 44
9 40
6 16
3 26
4 38
3 6
3 26
4 10
10 45
5 41
6 46
8 24
10 6
7 19
3 2
4 25
8 33
3 26
2 26
9 40
1 10
1 2
10 39
10 50
3 5
9 3
4 26
1 40
9 43
1 23
6 32
10 21
8 40
10 35
7 1
9 12
5 48
8 47
6 1
4 47
1 16
10 7
1 7
7 19
5 44
4 17
7 22
3 8
6 43
3 3
8 33
9 18
10 50
3 16
9 12
6 37
4 15
8 42
5 12
1 21
4 43
5 27
8 27
6 35
3 20
1 18
10 26
3 7
3 17
6 16
5 25
3 22
3 36
6 48
5 6
8 21
4 29
4 17
8 27
10 27
8 14
5 48
1 33
3 28
9 36
1 26
10 15
5 32
4 44
7 24
5 30
3 26
2 29
5 25
5 22
4 18
6 41
9 42
6 48
5 15
6 41
9 16
7 4
4 21
9 16
1 39
1 24
8 11
9 33
8 45
6 49
4 18
5 38
5 8
10 6
6 41
2 8
6 38
4 37
8 26
4 4
4 47
8 15
4 32
8 30
10 26
8 16
3 24
4 30
5 1
9 20
4 19
6 19
8 37
5 35
3 34
2 23
5 1
9 3
2 15
7 49
9 28
6 16
4 36
5 30
9 12
6 8
5 12
10 9
6 38
6 40
1 11
8 27
7 26
2 48
2 25
4 50
2 5
9 35
5 28
6 34
2 28
4 20
5 19
2 22
10 49
9 18
5 46
8 8
3 23
6 29
9 30
8 2
7 20
3 1
7 9
8 3
2 8
1 24
4 9
3 18
10 13
10 50
5 26
4 35
3 23
6 8
2 34
10 28
1 3
7 47
9 35
4 20
8 13
5 42
7 46
1 38
5 4
1 5
7 29
1 27
3 8
1 35
8 42
10 28
2 14
10 21
8 13
9 25
4 23
2 35
7 39
9 50
8 49
1 21
8 49
10 1
4 15
7 10
3 5
1 3
9 42
7 2
1 15
4 24
7 24
7 20
8 1
1 43
10 2
2 47
1 30
1 4
10 41
10 47
10 47
8 8
2 47
9 38
3 24
4 19
8 1
3 1
10 48
9 41
6 13
10 16
7 30
9 36
5 46
4 41
6 48
7 21
8 43
7 23
6 4
2 36
4 49
3 17
1 42
6 48
3 12
7 26
6 7
4 50
6 8
4 34
1 33
10 49
5 40
8 10
5 44
8 42
4 35
1 40
7 24
6 30
10 38
3 15
4 28
9 17
10 42
7 10
4 25
6 31
9 10
1 35
7 7
7 1
7 50
9 29
7 37
4 36
8 34
5 48
6 19
4 14
8 42
1 16
2 40
4 7
8 48
10 5
4 33
5 39
5 33
9 17
1 30
4 23
6 23
7 4
8 7
6 12
2 44
2 38
6 12
4 13
8 31
2 18
4 19
5 44
6 32
2 6
5 43
6 26
1 31
9 14
6 20
3 46
10 7
2 17
2 4
1 45
7 39
4 36
4 27
1 24
7 36
1 8
10 50
7 19
6 1
9 32
10 43
3 39
9 43
5 24
3 34
6 26
10 39
5 34
2 46
8 35
7 7
6 30
2 23
2 5
4 36
3 5
10 4
10 19
6 38
2 44
6 50
10 40
4 30
8 10
8 31
9 48
10 17
8 19
5 27
3 13
6 49
7 10
10 48
4 39
7 45
6 32
1 13
9 7
7 19
9 5
1 49
5 23
2 5
8 15
5 49
2 13
1 25
1 29
5 38
6 4
7 31
7 15
3 42
7 12
7 21
7 33
5 27
1 13
9 31
2 14
1 45
6 7
6 32
5 12
5 10
2 1
1 38
3 16
3 40
9 18
6 37
1 12
10 30
10 17
8 10
3 12
7 18
9 28
5 48
6 22
4 11
7 45
6 15
4 6
6 35
2 11
4 46
10 49
7 5
2 29
2 33
10 36
1 13
7 38
10 28
4 4
9 40
3 24
1 9
4 28
6 37
8 20
7 25
3 21
7 31
4 5
4 13
2 38
4 48
7 17
4 29
3 34
2 9
3 41
3 19
4 26
4 44
1 48
3 2
7 20
10 27
4 4
4 43
1 42
2 43
3 14
7 28
5 15
9 40
5 37
4 46
9 45
7 43
3 50
5 30
1 36
3 20
7 33
8 27
5 6
1 17
1 11
1 12
2 7
4 1
7 7
7 37
5 9
5 37
8 30
8 38
3 31
1 31
7 35
9 28
1 32
1 11
6 46
7 11
3 1
5 37
5 24
6 16
10 26
7 8
8 22
4 34
6 42
3 19
5 2
9 11
6 36
7 41
1 30
3 24
3 42
3 1
1 45
6 28
6 33
2 10
3 4
5 47
9 16
10 27
10 38
10 8
9 50
1 41
6 45
8 18
5 14
8 15
1 9
4 36
9 23
5 38
1 15
1 14
7 50
4 26
5 43
7 42
9 14
5 46
5 33
10 4
7 42
6 31
7 29
10 50
10 41
1 47
8 34
2 28
7 33
8 15
1 33
1 49
10 38
10 25
8 47
8 38
7 34
3 13
2 31
4 41
4 32
6 46
3 50
8 31
7 38
9 47
9 29
2 44
4 15
4 46
10 29
8 44
2 15
7 16
4 2
3 46
3 19
3 24
7 8
6 21
9 39
5 8
4 9
2 14
2 27
3 22
4 5
3 12
9 18
3 15
6 35
6 12
3 29
3 20
10 9
10 30
2 22
4 11
6 49
2 23
7 19
1 16
2 30
3 13
2 1
7 29
2 27
3 6
5 28
8 42
2 32
3 36
10 31
9 34
1 25
5 6
8 49
10 15
2 40
1 11
8 3
7 23
5 35
7 13
1 15
5 21
4 5
7 18
6 17
4 20
10 33
5 2
9 38
7 34
10 37
1 3
3 32
5 23
5 1
4 17
3 30
5 5
9 12
3 34
2 23
2 18
1 27
8 35
1 26
2 14
5 30
4 41
5 35
2 19
2 32
6 9
9 6
4 1
10 8
1 4
9 47
7 1
9 25
9 19
5 21
10 37
8 19
7 32
2 3
10 3
6 26
2 2
4 27
9 44
3 28
6 21
1 3
8 25
1 29
2 15
5 45
3 18
9 20
9 35
4 24
9 40
7 28
5 42
9 44
3 5
3 23
10 45
1 50
6 25
4 10
9 45
10 28
9 4
10 48
5 4
4 21
9 5
4 27
5 12
5 50
4 49
7 46
4 20
9 23
2 25
9 50
1 23
6 35
3 1
8 8
6 31
10 8
6 10
4 48
3 11
7 50
3 45
8 23
4 14
6 24
3 28
3 25
7 33
8 40
4 3
7 16
5 35
7 20
3 45
5 41
2 2
6 27
7 31
7 14
3 38
9 27
9 14
7 30
6 5
5 40
2 25
9 17
9 29
8 48
10 50
4 33
2 8
7 6
3 33
2 38
1 33
6 12
7 30
10 26
10 32
5 11
4 44
7 36
9 10
7 12
9 30
7 50
9 38
8 11
6 8
7 40
1 27
9 39
2 10
7 7
1 18
3 12
3 30
9 30
8 46
8 25
2 17
4 33
8 8
8 37
8 15
2 32
9 37
1 1
7 34
8 6
1 13
4 27
3 25
5 39
9 13
4 23
8 18
2 33
8 23
4 20
10 27
8 14
7 41
2 27
5 25
4 45
3 4
9 14
10 8
4 9
5 15
2 7
1 9
3 9
8 36
8 18
3 29
1 22
5 48
7 23
7 5
5 28
10 40
2 29
8 4
7 28
3 41
3 34
3 15
6 24
7 19
8 30
9 34
2 44
3 17
3 5
3 40
1 23
2 23
4 42
6 15
10 47
8 32
1 30
2 18
10 18
9 49
9 14
7 38
6 30
1 50
3 24
6 15
3 7
3 28
4 15
10 14
5 6
3 7
2 47
2 13
4 12
6 45
7 46
8 6
3 30
6 5
10 33
9 31
8 26
4 28
8 32
8 42
5 27
3 45
2 36
6 40
10 47
6 4
2 3
6 30
2 10
5 26
6 42
2 23
5 45
2 41
7 27
1 22
8 15
5 25
1 16
2 12
1 2
1 45
3 2
10 25
3 39
10 22
4 27
6 45
1 40
10 26
3 50
6 5
7 31
2 49
2 30
2 47
2 38
4 23
2 23
1 12
5 8
7 43
7 42
10 15
5 48
3 29
7 4
6 44
4 31
3 25
5 30
2 38
5 40
2 18
5 44
1 12
7 24
8 1
8 2
7 40
6 23
4 39
2 5
8 47
3 15
7 6
6 48
4 48
1 37
7 25
3 12
3 4
7 37
1 35
2 6
8 17
6 41
1 31
10 46
9 49
9 37
10 33
9 36
1 39
6 4
8 41
6 29
8 31
2 23
1 23
2 35
10 43
4 3
1 17
6 20
7 49
10 21
7 27
8 18
5 14
6 41
5 15
6 44
3 15
10 46
9 31
1 4
3 13
7 37
6 29
5 29
1 13
5 16
4 41
7 44
10 4
1 13
1 24
2 7
9 2
4 17
1 35
9 30
10 26
1 25
7 49
5 29
6 31
6 24
6 20
10 13
10 37
5 3
5 26
1 31
10 25
7 5
1 43
5 5
10 41
5 15
9 33
7 12
6 36
3 22
10 10
3 24
7 13
4 3
9 28
7 8
5 1
3 29
5 50
10 1
7 34
1 21
5 17
6 28
9 9
5 20
6 45
7 1
4 36
2 9
1 27
9 39
7 10
9 4
7 3
3 22
6 19
6 45
2 19
4 24
9 28
4 12
7 13
2 9
5 4
5 44
7 27
4 23
8 50
1 47
7 29
7 43
2 31
3 45
3 22
6 21
10 34
10 11
9 39
6 45
10 31
3 36
7 33
3 31
3 31
6 1
6 2
3 13
10 33
1 29
6 42
7 49
7 38
2 29
1 26
10 9
10 19
7 32
5 30
4 21
3 5
1 4
1 17
5 42
7 46
6 20
1 29
3 9
2 17
3 33
1 13
4 21
5 40
7 27
1 45
3 16
7 10
10 27
6 37
10 28
2 14
3 10
7 10
1 25
7 36
3 1
6 34
9 12
9 12
6 10
9 43
6 18
3 50
2 40
10 40
5 34
5 43
10 3
3 21
10 8
9 28
2 25
8 19
3 29
2 17
8 12
1 42
4 14
10 24
1 44
10 31
1 16
5 12
8 15
4 30
4 20
2 37
9 31
1 45
9 2
6 41
6 44
3 5
7 2
5 8
7 30
4 5
3 28
3 31
9 42
1 27
8 38
4 40
10 49
2 29
7 18
10 42
4 8
1 21
5 39
4 9
6 6
9 27
9 3
1 6
6 23
1 6
8 14
10 29
9 36
7 11
7 40
8 40
2 5
8 37
7 31
6 9
3 35
3 38
7 32
9 38
6 17
4 8
3 20
8 37
5 13
2 12
8 14
2 35
7 20
1 30
2 34
4 26
9 2
7 31
2 25
8 47
6 19
9 25
10 47
8 39
4 22
2 2
4 49
4 47
8 30
2 42
10 49
9 25
1 37
5 13
10 10
5 4
1 31
7 29
9 17
6 41
6 3
6 4
2 2
6 39
7 36
6 10
8 35
3 39
2 39
6 15
6 46
1 9
4 39
6 6
1 41
8 1
6 48
3 50
2 15
1 13
5 44
5 41
9 19
5 2
10 39
4 49
7 11
8 23
10 40
2 16
9 39
5 16
7 4
2 4
3 16
5 6
7 35
8 24
4 26
2 40
6 45
9 20
10 25
7 42
8 5
3 18
2 8
8 9
1 8
6 10
5 48
2 40
9 23
8 16
7 42
4 42
9 26
3 3
1 7
4 15
5 16
10 10
2 36
1 50
10 37
2 49
6 14
6 9
10 11
9 13
6 48
6 27
8 50
9 46
1 19
7 1
7 12
6 12
10 26
3 45
9 21
7 28
3 40
9 23
8 19
9 36
1 6
3 21
5 40
8 27
10 15
2 23
3 21
9 38
1 10
1 5
4 9
6 2
4 17
2 1
5 31
7 36
9 43
8 22
6 41
8 32
6 8
2 17
4 21
5 36
5 13
6 1
1 34
2 21
1 24
7 1
7 46
4 33
9 17
5 7
6 43
8 39
4 19
1 12
2 36
3 23
1 16
5 17
9 34
8 10
6 27
2 18
4 14
6 34
3 25
7 4
4 19
7 29
1 4
6 10
8 16
2 7
1 20
4 40
3 23
5 36
7 18
10 15
4 42
3 39
3 32
1 42
8 14
7 26
5 41
2 8
6 12
2 6
10 13
8 28
1 10
8 22
6 38
5 44
3 16
2 44
9 5
1 26
1 43
2 4
7 47
1 41
1 14
5 37
9 36
4 18
9 41
7 17
1 10
8 32
10 17
10 15
5 19
10 7
8 5
6 38
3 34
8 28
7 19
2 6
10 46
10 23
3 2
10 17
8 35
2 14
5 30
1 40
8 41
9 32
7 40
3 8
10 50
6 30
7 38
8 41
8 37
6 28
2 20
10 46
4 5
8 12
9 29
8 12
7 22
9 22
10 32
3 6
10 46
2 40
9 31
4 14
4 12
8 40
7 1
4 23
1 24
3 21
4 14
3 25
6 48
2 5
2 22
10 5
1 29
9 19
4 30
3 13
10 21
8 26
2 5
7 33
9 16
1 20
5 6
2 5
9 14
5 21
4 7
6 45
8 35
3 28
3 42
4 32
3 15
7 31
9 11
5 31
10 13
5 5
10 21
4 19
10 42
7 39
10 21
5 8
9 20
5 40
4 18
5 16
10 47
6 21
8 13
6 18
10 37
9 43
7 2
8 23
6 32
8 4
1 19
7 36
7 40
6 8
2 31
5 27
7 21
5 32
2 29
9 20
2 27
3 7
8 34
5 23
3 43
1 48
2 44
6 49
4 44
9 1
1 17
10 41
7 25
9 29
7 33
6 14
3 4
6 29
1 18
1 42
3 21
7 17
5 50
7 8
9 9
1 44
5 14
6 19
5 24
3 25
6 16
4 31
8 49
2 27
6 24
6 39
5 22
9 38
10 26
10 7
3 12
2 18
3 12
6 48
5 19
9 45
2 3
7 10
3 35
7 49
7 11
3 20
7 21
4 12
1 31
2 38
9 18
7 36
6 11
3 41
10 18
1 26
6 40
10 21
8 29
1 23
5 49
7 16
2 7
2 25
2 46
5 42
10 16
7 43
6 40
5 12
7 9
6 31
3 17
5 48
4 22
7 47
2 40
4 14
6 50
2 47
3 15
5 23
8 24
1 43
3 11
2 41
6 34
10 33
2 22
1 45
6 5
9 25
1 35
8 21
9 10
3 28
2 14
8 31
2 8
10 9
2 26
1 21
8 18
6 44
2 22
7 29
2 19
10 7
10 15
4 50
5 26
1 5
9 41
1 5
9 6
10 47
3 23
9 18
6 1
8 29
4 15
5 10
9 15
1 39
8 49
3 50
5 46
1 23
10 14
10 17
2 17
8 32
9 28
10 34
8 15
10 14
5 33
6 13
5 46
9 39
9 22
9 15
2 21
10 25
8 33
4 7
6 14
3 23
2 43
10 3
3 12
8 40
5 47
8 36
6 21
8 29
7 6
5 50
7 48
10 49
3 30
3 23
10 3
9 8
3 12
8 21
4 12
6 46
7 5
8 18
4 11
1 25
10 44
2 14
6 40
2 23
8 21
4 40
4 32
5 18
2 35
8 24
5 17
9 47
3 49
1 10
1 33
3 45
10 27
3 49
2 11
1 15
2 50
3 42
9 4
5 19
10 13
9 35
7 19
3 16
3 24
8 30
2 40
3 24
9 38
1 17
4 14
5 36
1 3
3 23
3 15
9 34
4 36
4 10
8 32
8 8
5 16
8 48
1 5
6 36
1 34
9 29
10 34
5 19
4 50
2 12
8 32
5 9
7 14
4 29
5 4
1 27
10 1
8 15
9 15
8 32
7 26
7 8
4 36
4 44
6 13
3 31
3 5
9 35
6 18
2 3
7 12
8 2
5 4
3 22
9 33
2 48
7 22
2 11
7 20
3 37
7 24
10 20
1 48
4 8
7 40
9 38
2 46
1 38
10 15
6 44
7 49
2 20
8 39
5 42
5 45
5 47
5 23
1 1
4 12
10 7
3 1
3 30
9 30
8 19
9 31
4 45
7 31
4 42
2 20
6 9
6 12
8 47
1 2
10 5
9 39
8 40
8 17
4 47
3 24
4 16
6 12
8 47
2 49
1 35
10 24
7 49
7 5
9 41
6 40
4 36
5 20
4 26
1 35
7 1
5 17
5 20
2 26
1 18
3 1
9 1
6 26
5 29
2 29
7 9
9 20
10 18
7 5
9 20
4 7
5 37
1 24
7 16
6 12
10 25
3 35
10 11
4 48
10 32
9 28
8 25
10 7
4 5
6 8
6 9
10 31
2 5
3 31
1 5
8 32
8 5
4 26
10 45
6 28
1 29
7 40
7 32
9 31
5 12
5 24
10 31
10 28
8 26
7 26
3 20
10 38
10 5
4 37
3 44
10 47
7 18
10 20
3 41
5 7
4 43
7 36
2 14
3 24
4 49
10 44
5 19
5 14
7 18
3 15
2 42
1 47
2 14
10 7
4 3
7 42
1 38
7 34
6 21
6 46
1 25
1 26
3 35
7 45
10 19
7 12
7 48
5 15
3 41
10 48
9 36
6 22
10 34
1 38
2 39
2 50
5 22
3 38
4 12
6 5
10 38
5 12
2 10
5 42
8 38
10 50
1 50
8 14
9 45
8 18
3 25
10 35
2 48
3 27
4 3
7 28
4 47
9 30
3 17
7 43
3 31
10 21
2 17
4 22
8 43
7 47
10 40
7 35
10 27
4 39
7 27
5 27
3 27
1 13
6 11
2 42
7 8
9 23
6 8
3 25
1 48
1 22
8 19
10 20
2 9
1 47
8 30
4 35
9 47
1 7
10 50
6 46
5 30
9 17
7 12
6 30
10 1
9 36
5 45
9 21
3 18
4 7
9 24
4 4
9 10
1 31
3 48
8 45
10 42
8 1
5 33
4 27
3 46
1 2
9 19
9 46
6 33
9 12
4 24
10 16
9 29
9 18
9 1
9 5
2 34
9 18
4 44
6 41
8 23
8 13
9 26
9 21
5 14
7 20
7 13
10 31
4 13
7 42
1 47
5 35
9 9
6 45
9 9
10 39
10 19
3 9
2 31
10 42
2 49
5 45
10 21
8 43
9 36
5 1
7 49
10 42
8 20
3 3
6 38
3 32
9 4
5 6
6 9
5 17
7 16
6 24
2 38
1 3
4 46
4 28
8 42
3 2
3 10
7 5
9 8
4 16
6 10
7 38
3 5
3 46
5 14
9 30
8 27
7 20
2 27
8 36
5 34
9 30
7 11
10 48
1 49
8 38
7 24
2 10
6 14
5 31
5 7
2 11
8 3
4 4
7 14
3 3
1 21
10 34
5 10
9 29
1 12
9 35
6 32
5 33
1 46
8 10
7 3
7 12
7 26
1 43
1 24
10 20
5 15
9 25
7 35
10 37
6 48
1 25
3 8
5 47
6 15
3 18
5 1
7 14
10 19
5 3
7 10
7 40
9 2
6 45
9 42
7 23
3 24
7 40
1 28
6 26
6 14
7 27
6 24
7 33
4 22
8 8
3 16
9 41
10 28
4 28
4 45
9 20
4 5
2 1
2 32
3 49
7 12
1 35
5 34
8 28
10 35
8 9
6 18
6 10
6 39
1 15
7 21
5 26
6 4
9 49
7 7
1 34
1 30
5 38
2 14
9 25
9 47
8 11
6 7
7 46
5 32
4 16
4 15
8 18
10 25
8 41
4 23
5 29
8 28
6 30
5 50
7 12
8 13
2 44
2 46
8 11
2 12
1 8
6 26
9 34
4 39
1 12
7 44
4 47
10 23
4 44
8 14
9 3
6 4
10 26
3 3
5 17
5 9
8 11
9 15
10 6
7 38
9 38
2 39
8 9
2 27
1 33
4 43
9 18
5 50
9 9
6 45
5 1
4 5
1 32
9 5
9 23
8 22
7 1
10 12
2 37
4 23
4 8
2 25
9 43
4 21
5 40
3 38
6 24
1 34
10 50
3 17
8 12
10 34
3 10
1 1
1 21
3 31
8 47
1 28
7 10
8 36
4 14
2 1
1 16
8 32
2 25
2 49
4 30
7 35
8 40
7 19
8 50
6 26
10 34
7 34
8 10
3 50
7 12
6 12
6 18
10 3
5 7
9 22
2 48
4 41
7 6
4 50
6 46
3 16
1 28
10 31
7 45
1 3
3 16
2 31
2 37
3 44
6 45
2 21
8 39
6 38
8 43
3 50
6 45
9 10
7 30
2 10
7 24
4 31
2 5
9 30
5 31
3 39
5 47
7 48
2 34
1 11
4 14
4 21
9 24
1 38
2 48
10 11
2 27
8 3
8 50
10 36
9 43
8 29
9 8
9 12
6 41
6 25
3 38
10 27
6 29
8 19
7 5
1 36
4 5
8 18
8 31
6 20
1 50
3 2
2 47
5 12
8 19
2 20
9 11
3 37
3 40
3 4
10 37
3 26
9 4
2 16
8 26
10 47
1 23
2 41
2 45
7 31
1 27
4 22
8 27
9 38
1 32
8 12
4 38
5 45
2 28
2 31
4 12
1 17
9 15
8 14
7 11
7 14
7 49
8 36
9 38
2 16
7 42
2 15
8 40
7 2
2 35
1 28
3 39
6 47
3 22
8 48
3 43
6 33
9 46
3 22
1 47
10 48
7 34
6 28
1 27
9 2
8 39
9 4
2 1
10 50
7 18
9 33
2 8
9 19
9 28
4 1
1 43
9 7
1 34
5 47
8 44
10 26
1 25
8 32
7 38
4 13
7 37
1 2
6 22
8 45
5 24
9 28
8 39
1 10
2 39
6 13
8 43
8 23
6 14
2 24
10 23
4 31
5 36
4 11
5 13
7 24
2 39
9 14
4 9
6 28
8 23
7 13
4 1
10 39
8 40
6 10
3 21
6 28
4 25
6 37
1 11
9 19
2 19
3 2
2 12
2 40
4 46
5 18
7 41
5 35
7 26
2 3
5 39
5 42
2 23
5 4
1 34
1 40
3 11
4 27
9 41
5 31
7 39
3 3
4 35
4 11
2 22
8 21
7 28
1 2
4 17
3 49
5 1
2 26
6 49
3 45
9 14
1 20
4 2
7 3
2 45
6 19
3 8
9 27
6 45
4 7
3 25
9 30
3 38
4 32
4 20
2 23
9 12
2 27
10 40
1 29
1 40
4 44
7 47
3 30
5 49
1 44
1 42
7 25
9 28
1 18
4 8
9 47
4 45
2 47
9 14
6 32
8 33
2 34
5 4
6 6
3 43
4 38
4 37
1 26
3 40
10 7
2 14
7 5
10 30
3 15
10 29
2 29
3 27
7 25
3 27
6 23
4 10
5 47
7 42
10 7
3 7
5 33
1 38
6 26
1 40
3 35
9 13
7 49
6 6
3 25
6 20
6 42
8 21
9 44
7 45
3 24
3 24
5 12
4 6
4 33
10 9
2 24
8 7
10 13
2 16
6 6
7 43
10 18
10 11
4 20
1 1
3 27
3 26
9 2
3 7
1 2
10 38
8 11
4 32
1 48
10 46
1 33
8 6
4 43
1 49
3 14
9 13
10 42
5 50
8 37
6 6
7 27
5 48
8 49
6 17
2 49
1 23
3 50
8 50
3 14
4 16
2 38
9 48
2 10
7 28
7 28
9 12
2 41
8 18
9 39
8 28
2 22
2 41
4 17
4 42
5 5
8 7
6 39
6 22
8 42
7 25
6 23
5 32
9 28
4 50
7 34
9 13
6 14
7 5
10 10
10 50
10 6
10 11
9 38
1 25
1 38
4 40
5 25
1 10
5 48
5 4
3 27
3 18
2 29
4 15
2 33
9 33
4 38
9 25
10 9
8 8
10 44
2 44
6 10
10 32
10 2
3 3
6 21
9 29
9 4
2 39
9 49
5 39
3 30
2 38
8 27
4 34
4 17
5 8
3 39
2 5
5 31
1 48
8 19
7 35
4 24
5 47
3 20
5 48
4 37
6 15
9 45
9 20
10 4
7 26
9 20
4 29
7 38
4 34
4 21
7 25
2 12
4 35
6 30
2 24
1 43
1 39
4 25
7 22
2 41
4 1
3 19
5 45
4 11
9 2
6 21
8 35
2 2
8 31
3 35
7 35
1 4
9 17
7 16
8 38
3 40
4 20
3 8
9 28
9 20
6 2
5 22
2 7
8 3
3 43
3 16
9 41
8 45
7 42
5 1
8 49
5 47
1 4
10 43
2 21
5 47
10 36
5 8
8 24
9 27
2 20
6 45
7 50
4 18
4 2
7 43
6 2
10 42
9 16
8 11
9 27
6 17
10 23
3 15
2 44
8 11
4 32
6 20
4 20
6 42
3 13
10 25
8 34
2 47
2 7
9 22
8 39
1 5
2 44
9 3
9 32
4 11
4 15
1 21
4 47
1 50
1 13
3 9
5 11
8 9
3 36
10 31
7 36
7 41
2 16
3 39
6 14
8 50
8 6
4 34
7 2
1 32
1 39
1 33
4 27
8 8
4 22
2 34
3 31
3 11
7 1
1 10
5 34
