50
5000
18 1
20 4
10 1
30 4
48 4
29 4
1 2
41 2
43 4
45 3
31 1
17 2
37 1
36 3
28 2
29 3
37 1
8 1
50 2
29 4
48 1
38 4
20 4
6 3
13 3
39 1
19 3
12 1
34 2
20 1
25 2
28 4
30 4
19 3
19 3
39 2
13 1
35 3
47 4
6 2
15 1
32 3
18 1
36 2
17 1
38 2
9 4
47 4
16 3
37 4
3 4
41 4
31 1
3 3
36 3
50 1
29 2
24 2
41 4
47 4
38 2
50 4
12 1
34 3
30 1
11 1
43 2
16 3
11 4
14 2
46 1
38 3
14 3
25 4
24 3
9 3
28 4
30 1
50 1
13 1
14 3
48 3
17 1
18 3
15 4
22 3
36 1
18 4
42 4
10 3
19 3
38 2
13 4
27 4
44 3
21 3
42 4
2 4
37 4
17 1
5 1
42 2
38 3
1 4
43 4
12 1
16 4
5 3
45 1
38 1
20 4
5 3
45 1
6 2
3 4
11 3
18 4
2 3
36 4
5 3
47 4
25 4
7 1
49 1
25 4
18 4
2 4
25 3
39 2
33 4
16 4
4 3
8 1
34 2
34 4
44 1
5 3
7 3
21 2
47 4
11 4
19 1
37 2
18 1
26 2
7 2
49 1
2 3
47 3
42 3
19 2
30 2
20 2
27 1
9 4
25 4
43 2
22 4
44 2
17 3
44 1
9 3
30 2
35 1
47 3
1 2
36 3
16 2
16 4
48 4
5 3
3 2
50 2
15 1
8 1
46 4
2 4
50 1
3 4
11 4
37 4
15 3
49 2
18 1
21 2
45 3
31 2
14 4
14 3
36 4
16 3
14 3
30 3
34 3
50 3
18 3
2 3
21 2
6 4
47 3
31 4
37 2
28 2
47 3
2 2
17 1
31 3
50 2
8 2
29 1
4 2
3 4
44 4
42 3
43 1
42 1
27 1
4 1
28 2
26 4
38 2
31 1
32 2
18 4
18 3
14 3
7 1
45 2
19 2
39 3
15 4
38 1
32 2
22 4
25 3
34 1
28 4
16 2
14 3
40 1
20 1
12 1
31 2
47 1
5 1
26 4
32 1
43 1
1 2
14 4
22 1
28 3
17 3
2 2
16 3
1 1
35 2
40 4
3 2
25 1
11 3
17 4
38 1
17 3
7 2
25 3
5 3
50 3
35 4
2 3
24 1
28 4
6 3
44 2
22 4
25 2
38 1
20 1
32 4
11 1
15 1
2 2
33 2
15 4
33 3
1 3
48 3
48 2
32 3
16 4
24 2
34 4
22 2
1 1
49 1
36 1
8 4
13 1
34 1
34 1
15 3
17 4
32 2
26 3
47 2
24 3
25 4
21 4
35 3
26 2
43 1
35 1
1 3
26 1
20 1
31 4
3 4
43 4
39 4
26 4
35 2
49 1
18 3
15 4
17 3
37 2
38 4
42 4
1 1
21 4
8 1
7 4
26 4
1 2
23 1
24 3
5 1
14 4
29 3
36 1
48 4
34 4
45 1
22 2
50 2
32 4
2 2
41 1
44 4
28 1
18 4
23 1
1 3
42 2
22 3
24 4
7 2
35 4
12 4
50 3
8 3
47 3
8 3
7 3
43 3
15 3
17 2
4 3
49 1
28 1
45 4
39 3
29 2
29 1
39 2
46 3
6 4
12 3
1 1
41 2
22 3
4 3
45 2
7 3
50 2
36 3
19 1
5 3
20 4
7 1
46 3
24 2
46 4
31 3
28 4
6 2
23 4
30 1
18 1
7 3
22 3
34 2
15 3
26 1
36 3
50 3
22 2
29 4
48 4
8 3
23 3
43 3
38 3
22 1
50 3
17 2
22 4
20 1
9 1
34 4
36 4
50 4
47 4
30 1
17 4
22 2
36 2
7 1
44 4
39 3
28 3
13 3
42 4
24 4
15 4
35 3
36 3
13 2
13 4
46 1
33 3
32 2
23 3
44 4
7 2
15 4
26 2
34 4
42 4
33 3
13 4
1 4
2 2
24 2
20 3
33 4
8 1
5 2
42 4
16 4
10 1
48 2
34 3
14 4
21 3
14 2
20 4
31 2
3 4
26 4
40 1
35 3
7 3
41 2
38 1
9 2
29 3
47 2
34 3
14 3
49 2
14 1
12 4
34 1
29 3
9 1
26 1
16 4
1 1
14 3
10 3
38 4
50 2
33 4
23 1
5 1
10 1
19 4
9 2
15 1
5 4
24 3
37 3
5 1
46 2
31 3
26 1
31 4
38 2
2 1
20 2
25 2
13 3
33 3
8 3
6 2
13 2
16 3
36 1
26 4
34 3
3 3
38 4
10 4
21 4
1 3
13 1
49 2
37 4
3 3
38 2
37 4
49 1
9 2
37 4
29 3
11 4
43 3
40 4
41 2
16 3
31 4
46 3
20 1
10 2
16 2
19 1
11 3
16 3
24 3
42 3
26 4
27 3
21 4
23 4
3 1
47 4
26 3
43 4
4 3
18 2
28 1
1 4
31 3
20 2
22 1
4 4
28 1
13 3
21 4
18 1
36 4
16 3
31 3
37 3
33 4
29 3
34 1
11 4
24 1
3 2
11 2
49 3
3 1
10 2
21 4
43 2
22 1
36 3
17 2
47 1
49 1
1 2
9 4
41 1
48 3
24 4
14 1
5 1
29 4
44 1
25 1
50 4
27 3
19 1
2 3
25 1
37 4
9 2
25 4
21 2
37 2
17 3
8 2
1 2
50 2
41 3
19 2
47 3
22 2
31 4
14 2
11 4
27 2
16 1
11 3
1 4
21 3
30 1
21 4
20 1
19 3
48 1
33 2
8 2
28 2
42 1
10 3
19 1
47 4
6 3
12 3
32 2
8 4
4 3
23 1
36 2
35 3
1 2
37 3
30 1
8 3
7 4
41 2
25 1
34 4
13 1
48 3
5 1
18 3
10 3
31 4
36 3
6 2
36 3
1 4
46 1
20 1
1 4
6 3
14 4
2 4
43 3
18 3
12 4
31 2
26 1
38 1
13 1
39 4
28 3
6 1
40 2
16 4
20 1
26 2
21 1
46 3
5 4
32 3
15 4
5 3
34 1
49 1
14 3
47 1
19 3
9 2
20 3
47 4
14 4
37 3
4 4
3 4
10 1
47 3
28 1
46 1
15 2
13 2
37 3
10 2
22 3
47 3
41 1
20 2
14 1
21 2
5 3
41 1
22 1
28 3
38 2
33 4
40 4
26 1
3 1
31 1
39 2
32 4
17 3
23 4
12 3
21 4
3 3
19 1
45 1
23 3
15 3
13 4
30 4
44 2
34 2
30 3
4 4
8 1
28 2
39 4
14 3
38 3
46 3
14 4
15 1
1 3
35 2
21 1
48 2
34 2
4 2
50 1
8 3
30 2
27 2
29 4
47 1
6 4
20 4
5 2
39 4
1 3
7 4
23 3
20 1
25 3
10 4
48 1
41 1
11 3
50 2
45 2
27 3
34 4
30 1
24 3
13 2
15 3
30 4
15 2
30 2
25 3
32 1
8 1
1 2
30 4
20 3
42 4
2 4
43 1
18 4
43 3
15 4
35 4
4 4
20 2
12 4
3 4
6 4
45 4
3 3
5 2
1 4
27 4
27 2
15 1
9 2
33 3
48 2
33 4
17 4
3 3
39 4
22 4
19 2
30 1
47 3
40 3
5 1
10 1
9 2
29 3
23 2
39 1
46 3
17 4
8 1
29 1
18 1
6 2
13 2
19 2
23 3
11 1
31 4
6 2
8 3
8 2
6 4
20 2
50 4
17 1
39 3
50 1
45 4
26 2
14 1
22 2
6 3
6 2
33 3
12 1
20 2
50 4
31 2
44 2
35 1
3 1
20 1
7 1
2 1
28 3
21 3
2 1
6 2
27 4
35 2
2 1
45 2
18 4
4 1
27 2
34 1
35 2
21 4
25 3
38 3
41 3
16 3
42 3
4 1
20 1
44 2
44 2
1 4
36 2
37 4
27 4
27 4
45 3
41 3
14 1
41 2
34 1
4 2
43 4
2 3
39 3
25 3
19 4
27 3
39 2
25 1
48 2
32 3
1 4
23 3
42 1
21 4
5 1
41 3
30 4
2 1
6 1
26 4
36 3
50 4
38 4
36 4
24 3
23 2
1 4
39 3
26 1
34 2
49 3
35 3
23 3
13 2
50 3
1 1
32 4
14 3
9 4
4 2
31 2
42 4
25 1
3 4
21 3
47 3
5 4
35 1
40 1
11 3
44 1
20 4
36 1
35 3
21 2
4 3
5 1
49 2
42 2
31 2
17 2
7 1
37 2
23 2
8 3
25 4
27 3
9 3
26 3
15 1
4 3
12 2
48 3
44 3
23 3
22 4
46 2
4 4
9 2
1 1
32 3
23 4
27 1
45 2
38 2
23 4
35 1
37 4
21 4
44 4
10 4
2 2
14 2
42 1
43 4
8 3
12 2
41 4
4 3
27 2
39 3
2 1
49 1
33 4
13 4
36 1
10 1
23 1
47 4
47 4
5 1
1 4
43 1
50 3
29 1
23 2
38 4
30 3
47 4
48 3
9 3
46 1
24 3
18 1
26 3
48 4
11 3
28 3
34 2
28 2
17 3
3 3
25 3
3 3
1 4
39 1
21 1
50 4
32 4
30 2
46 4
12 2
49 4
21 1
49 3
35 4
45 2
43 1
17 2
39 1
37 3
14 1
5 2
13 3
25 1
47 3
43 1
23 1
5 2
28 1
5 3
38 2
33 4
2 3
9 3
41 4
35 3
32 3
48 2
17 2
37 3
37 4
5 3
37 2
25 3
7 4
7 1
39 4
33 2
11 2
5 1
50 4
23 2
11 4
11 1
34 4
17 4
41 2
26 2
46 4
3 2
13 1
41 3
8 1
23 1
2 1
7 4
11 2
25 3
17 4
4 4
35 2
40 2
19 1
29 2
27 4
5 3
41 1
38 4
4 1
39 3
31 1
12 4
16 2
22 2
3 2
46 1
48 3
24 3
19 4
50 4
46 2
15 1
23 4
39 4
39 2
35 2
2 2
27 4
49 4
11 3
27 3
2 1
1 4
20 1
37 3
33 2
19 1
24 2
7 1
16 3
42 1
5 1
43 3
5 2
32 2
15 1
17 3
15 1
11 1
1 2
28 4
39 2
19 1
21 1
33 1
49 1
49 1
23 3
47 4
9 2
1 3
36 2
34 1
19 4
30 1
41 4
15 1
35 2
18 4
21 2
20 3
31 2
46 3
23 2
33 2
29 2
17 1
18 2
47 1
32 1
13 1
21 2
40 2
19 4
9 3
50 1
31 4
1 2
40 2
36 1
35 1
35 3
40 4
6 3
9 4
31 2
36 4
33 4
47 4
33 3
42 1
48 2
12 3
8 1
27 4
5 4
25 4
28 1
38 2
49 2
40 2
21 2
11 3
38 2
36 3
50 3
31 4
30 2
11 1
28 4
16 1
13 3
44 4
15 4
43 4
30 3
18 2
35 4
35 1
47 4
8 2
32 3
47 4
9 3
32 2
35 1
27 3
8 2
6 4
17 1
44 1
39 2
39 1
33 2
26 3
8 2
19 1
23 1
28 2
23 2
12 1
13 1
44 3
34 1
23 1
50 2
32 2
48 4
33 2
6 3
24 4
44 4
9 1
29 4
19 2
25 4
29 2
20 1
8 3
10 4
48 3
42 1
1 2
23 3
21 2
4 3
50 1
21 2
23 2
47 4
32 3
8 3
9 2
34 3
27 3
3 3
35 1
31 4
17 3
20 1
7 4
40 2
49 2
20 1
24 4
42 1
15 2
48 1
1 1
21 1
13 3
6 3
7 3
33 1
28 1
13 4
33 1
19 4
20 2
16 3
30 2
48 3
37 2
46 4
40 2
25 2
49 2
5 2
10 3
44 2
39 1
2 2
11 1
45 2
45 2
10 1
29 4
19 3
20 4
33 2
48 2
24 1
3 4
18 1
6 2
19 1
40 3
45 2
36 3
31 2
44 1
32 4
28 3
1 3
22 3
33 2
31 1
20 4
47 2
25 1
44 3
27 1
7 2
50 3
12 4
35 1
7 4
40 2
35 3
33 4
4 4
17 3
18 2
39 2
38 4
10 4
14 4
47 2
37 3
18 3
41 3
10 4
10 2
8 1
32 3
49 3
33 3
32 3
39 1
45 3
3 1
29 4
36 1
35 4
11 1
26 1
48 1
37 1
50 4
28 3
17 3
13 2
8 3
36 1
12 3
39 3
44 2
24 4
3 3
28 3
35 1
31 1
8 1
24 1
9 2
14 2
11 1
16 3
50 1
2 1
39 4
36 2
41 2
3 3
12 2
22 3
29 2
1 3
5 4
28 1
5 3
19 1
17 3
27 4
50 4
28 3
9 3
46 4
50 2
2 3
47 1
43 4
2 1
33 3
17 2
44 4
46 4
26 4
47 1
28 3
35 1
40 3
2 1
24 1
27 1
50 3
40 4
45 2
16 2
17 1
35 2
34 1
21 4
44 3
29 4
10 3
18 3
12 1
28 1
35 1
30 4
6 3
33 1
7 1
37 4
39 1
29 4
37 2
11 4
47 2
29 3
9 3
32 3
9 2
19 4
7 1
27 3
5 3
16 1
39 2
17 4
15 3
43 2
2 2
47 3
34 1
28 4
28 1
49 4
43 4
47 2
27 3
33 1
43 3
16 3
13 3
7 1
2 4
23 1
23 1
10 2
33 4
20 4
22 4
23 3
18 4
33 2
49 4
31 3
16 3
50 1
10 1
36 4
4 2
48 4
24 3
9 4
36 3
25 1
31 4
16 4
39 3
36 4
32 1
46 4
9 3
36 3
25 1
28 4
35 3
23 1
6 4
17 2
25 2
40 3
4 1
3 2
15 3
33 2
17 4
38 1
37 4
26 2
30 1
1 2
24 1
36 4
12 4
11 4
31 1
26 2
4 3
20 2
38 2
24 1
4 3
35 1
44 4
14 2
24 3
19 2
40 2
45 2
3 3
20 1
28 1
21 4
35 2
17 3
11 2
43 4
24 1
18 1
3 4
23 2
2 2
35 3
49 4
28 3
28 1
30 2
32 4
43 4
32 2
33 2
13 1
11 4
18 1
6 4
45 1
20 3
4 1
27 1
45 1
32 2
17 2
27 2
28 3
33 4
4 4
27 2
34 2
4 4
4 1
40 3
31 1
38 4
15 2
33 2
19 4
8 4
30 3
32 2
5 3
1 1
45 2
43 4
47 4
14 2
12 4
40 2
1 2
44 2
29 4
2 3
39 4
45 4
36 2
41 1
17 2
27 2
22 1
29 4
47 1
6 2
3 2
36 4
23 2
49 1
39 3
50 3
45 3
48 3
14 1
32 4
47 2
11 3
29 2
36 1
12 4
46 2
44 3
28 2
26 3
44 4
30 3
28 4
49 4
12 4
42 2
4 3
18 2
4 2
45 3
36 4
44 1
5 3
38 3
30 3
15 4
22 3
14 4
11 2
34 3
34 4
25 3
27 1
36 2
29 1
19 2
19 4
10 4
41 3
40 2
14 4
11 4
20 3
34 2
6 2
45 4
13 2
42 2
38 2
17 1
46 4
17 2
10 2
21 1
28 2
22 4
20 1
24 1
36 4
42 1
43 4
24 3
34 4
21 1
49 4
38 1
17 4
14 2
27 1
14 4
13 4
18 1
8 1
15 2
46 1
39 2
18 3
42 1
23 3
35 3
50 4
38 1
6 4
30 4
48 2
5 2
30 3
39 2
26 4
35 3
5 3
14 3
19 3
10 4
4 1
49 3
10 1
18 1
50 2
48 3
30 4
42 1
46 2
6 1
22 3
32 4
45 1
42 1
48 2
22 1
38 2
9 3
29 1
37 1
19 3
43 3
29 4
45 2
19 3
3 3
34 2
32 1
10 4
17 1
15 2
47 1
27 2
19 2
28 4
37 1
21 1
21 4
18 2
33 2
5 3
9 1
50 4
22 3
3 4
3 1
30 3
1 2
21 3
14 4
31 3
2 2
1 4
47 2
13 1
50 3
1 1
45 1
29 2
1 4
46 4
38 3
5 2
11 1
25 4
7 1
16 2
13 2
22 4
18 1
44 2
4 3
5 2
49 1
50 3
29 1
44 4
38 1
44 2
30 3
31 3
39 1
46 4
41 2
2 3
37 1
30 4
32 4
35 1
32 4
45 4
27 2
43 2
31 1
16 4
8 3
50 4
10 1
5 2
22 3
29 4
38 2
11 4
28 4
28 3
1 1
50 1
28 4
23 3
9 2
44 4
24 4
48 1
19 3
13 3
39 3
43 1
17 1
45 1
37 1
44 3
44 2
36 1
45 1
33 2
20 4
21 1
15 4
7 3
21 4
44 4
33 4
35 3
33 4
25 4
8 1
9 2
22 2
27 4
30 3
27 1
28 2
43 4
33 2
32 1
38 1
39 4
38 4
22 1
1 4
1 1
9 3
36 4
46 1
19 4
3 4
11 4
24 2
28 4
4 2
47 4
1 4
45 4
39 1
1 3
35 2
23 3
15 3
43 4
18 3
26 2
27 2
28 4
9 3
11 2
37 4
28 3
18 3
12 4
11 1
25 3
44 4
44 3
13 1
49 2
20 4
47 1
41 4
25 1
47 1
30 2
17 4
6 4
10 4
26 3
40 2
33 3
29 4
24 4
34 1
14 4
29 4
5 2
14 2
1 2
15 4
45 3
23 2
49 3
26 1
41 1
27 3
2 3
22 4
4 3
24 3
28 3
14 3
22 4
8 3
21 3
14 1
1 1
46 2
23 1
42 4
32 3
17 4
43 4
32 2
17 3
3 3
4 2
12 1
10 1
32 1
12 2
8 2
13 1
38 4
3 2
14 3
12 1
12 1
21 1
46 1
28 1
6 1
42 3
11 3
13 1
38 3
31 4
42 4
17 3
47 4
15 1
43 1
11 3
14 2
38 4
28 1
7 1
26 2
12 2
5 3
32 2
25 1
5 4
2 4
49 2
32 3
4 3
5 2
49 3
18 3
34 2
4 2
8 2
4 4
35 4
26 2
39 1
50 4
33 4
5 4
35 3
46 3
20 3
22 2
46 4
31 4
47 1
49 4
45 4
38 4
4 1
2 1
2 4
3 2
15 4
10 1
19 2
21 1
47 2
14 1
43 4
4 1
6 1
26 3
11 4
44 3
14 4
23 2
50 3
13 4
7 1
39 4
48 1
50 2
24 4
24 3
34 4
32 3
26 2
48 3
21 2
46 3
12 2
7 3
42 2
42 2
17 3
27 4
21 3
20 4
9 4
12 4
49 3
7 4
41 2
20 4
46 1
26 2
17 2
50 3
48 4
45 1
36 1
1 4
12 2
33 1
29 2
11 4
39 1
13 1
37 4
42 2
6 2
16 3
18 1
10 1
34 1
3 3
45 4
1 2
41 3
48 4
34 3
18 3
39 4
17 3
38 2
8 1
42 1
41 1
20 2
41 3
37 2
12 1
31 3
44 1
3 1
36 1
40 3
26 2
9 1
40 4
37 1
29 2
2 1
38 2
4 2
3 4
1 3
29 4
25 3
43 1
28 1
1 3
18 1
19 3
5 3
22 2
49 4
36 3
48 2
38 1
30 1
40 4
2 3
19 3
38 3
6 2
32 2
36 4
26 2
29 4
9 4
42 3
5 3
27 1
31 1
15 2
36 2
23 3
6 3
44 1
11 4
17 4
48 1
13 3
6 1
16 3
3 4
44 1
24 4
27 1
23 2
26 1
22 2
1 1
28 2
31 4
5 2
41 3
20 1
37 4
5 3
32 2
3 4
33 3
47 1
39 2
32 4
49 2
29 4
46 2
7 1
29 3
39 4
3 3
20 3
17 3
24 4
45 3
35 4
40 1
49 2
25 3
16 4
17 1
34 1
50 2
17 3
34 2
47 3
6 4
27 3
31 4
34 3
47 4
39 3
11 3
7 4
46 2
40 1
13 2
15 4
29 1
18 1
7 1
1 2
30 2
23 4
46 3
37 1
26 4
45 2
49 1
6 2
37 2
3 4
7 1
24 2
24 4
38 3
30 4
42 2
3 1
43 3
44 1
11 1
50 3
33 4
23 3
28 2
32 3
43 1
26 3
29 2
43 1
12 4
22 3
16 2
13 2
11 3
50 4
20 4
28 4
4 2
28 1
47 1
23 4
48 3
8 2
17 1
34 2
42 1
20 2
21 3
23 3
47 1
33 1
26 1
1 1
29 4
34 3
3 1
15 3
46 2
24 3
16 3
12 1
2 1
16 1
24 1
45 2
14 4
10 1
50 1
20 1
18 1
11 1
41 2
41 3
46 3
17 3
20 3
48 4
33 1
23 4
47 3
17 1
10 1
23 2
15 3
13 4
13 1
40 3
6 4
12 4
17 2
27 4
28 2
44 1
46 4
1 3
13 1
7 2
50 4
10 2
10 4
38 3
27 2
42 2
20 1
35 3
28 2
9 4
39 3
29 2
27 3
39 3
18 1
42 4
24 4
20 3
14 4
12 4
30 1
21 4
49 4
40 2
48 4
8 2
11 3
28 1
40 1
20 2
6 4
46 2
4 1
32 3
7 2
34 4
38 1
24 2
37 3
27 2
20 4
48 1
50 2
43 4
10 3
20 2
12 1
35 2
33 4
1 1
25 3
27 3
10 3
10 1
7 2
33 3
41 1
18 3
50 3
20 2
43 1
48 1
40 2
23 3
7 1
43 1
38 2
27 2
40 2
31 3
8 3
45 2
4 3
47 3
24 2
4 3
3 2
35 1
46 3
1 1
26 4
21 3
35 4
50 3
22 4
36 2
5 3
41 1
48 3
11 1
25 4
46 3
18 3
45 4
37 1
38 4
43 3
42 3
45 4
22 4
21 1
18 1
1 1
48 2
25 1
14 1
4 1
11 2
5 3
35 4
28 3
45 4
46 1
6 1
48 3
11 3
9 2
31 4
3 2
49 3
9 4
7 3
36 4
10 4
37 3
6 4
36 3
50 1
45 4
27 1
26 1
1 2
39 3
40 2
2 1
26 2
27 1
49 3
47 2
13 1
4 3
38 4
44 2
21 3
35 4
30 3
16 1
3 4
39 3
8 1
9 4
6 2
27 3
11 1
33 2
20 2
32 2
40 4
25 3
7 2
14 3
16 3
24 3
20 4
33 3
37 4
43 3
40 2
25 3
11 1
8 1
8 1
1 4
28 4
22 3
17 3
33 2
34 1
26 1
37 4
24 2
29 3
2 3
28 4
40 1
10 4
12 3
50 3
26 2
5 4
26 1
5 4
32 4
8 1
18 4
30 3
10 1
47 2
26 4
14 3
30 4
13 4
48 3
28 1
46 4
42 4
40 3
38 3
33 2
26 4
47 3
24 1
47 4
12 1
39 1
19 3
2 4
22 2
25 1
5 1
49 1
29 4
28 1
25 2
15 3
2 4
50 4
50 2
40 2
43 1
20 3
24 4
38 3
32 3
38 2
4 1
27 2
13 4
46 4
38 3
42 1
30 3
33 3
24 2
36 3
2 4
30 1
10 2
34 2
35 1
19 2
25 3
44 2
38 1
2 4
44 4
32 4
14 3
36 1
16 1
50 4
47 3
39 4
14 1
11 4
16 2
2 1
17 1
46 2
27 1
5 4
6 3
20 1
38 2
37 2
31 3
11 1
30 3
1 4
36 2
39 2
4 4
26 1
3 2
36 2
43 1
4 1
10 3
47 4
12 3
33 1
48 1
26 1
16 2
22 4
6 3
46 3
7 1
49 1
1 1
37 1
50 2
14 2
45 3
7 4
24 1
43 2
41 1
16 1
27 2
27 4
13 1
23 1
47 4
13 3
42 4
39 3
37 2
38 4
20 1
12 2
9 2
6 3
47 4
42 1
3 1
49 2
10 1
4 4
3 1
33 3
3 2
36 2
37 3
1 2
11 4
28 1
28 1
41 2
31 3
49 4
40 1
19 3
9 1
5 1
2 4
11 2
2 3
43 3
12 4
44 1
2 4
43 2
40 2
47 3
17 4
21 2
31 4
6 2
3 3
31 4
15 1
32 4
37 3
28 1
3 4
46 1
8 1
44 4
43 1
17 3
28 1
10 4
50 4
1 4
9 1
39 4
7 4
36 4
19 2
27 2
45 1
8 1
36 3
6 4
35 2
18 1
11 4
4 2
25 4
29 4
25 1
7 2
4 1
33 3
19 4
15 2
34 2
32 2
25 3
25 2
25 1
21 2
26 3
44 3
20 4
17 4
12 2
13 1
46 4
20 4
4 2
2 2
12 3
22 3
20 3
1 1
30 2
48 2
46 1
27 4
38 4
50 4
37 3
11 2
16 1
13 4
32 2
34 2
32 4
19 1
15 4
33 2
33 2
9 4
4 2
17 4
16 4
11 1
34 2
33 1
9 4
29 3
27 1
10 1
41 1
37 3
48 2
45 4
25 3
47 1
10 1
50 4
45 4
21 3
46 2
3 1
14 2
44 4
23 4
17 3
48 2
6 2
34 2
43 4
8 2
32 4
5 4
44 3
49 4
23 1
43 3
33 2
31 1
46 4
14 1
45 2
24 3
29 2
34 2
22 1
48 4
46 2
3 2
42 2
48 4
43 4
44 1
49 2
42 3
32 2
24 2
2 3
1 4
24 2
18 4
12 4
40 3
44 3
38 4
40 1
19 1
13 3
42 4
3 2
1 2
18 2
37 1
18 1
21 2
32 2
23 3
15 1
19 1
36 2
14 4
30 3
5 1
16 3
25 4
11 1
28 4
4 2
33 4
41 2
41 3
17 4
42 2
32 3
3 4
15 3
18 3
33 1
6 1
7 4
44 1
46 4
3 3
45 4
36 2
40 2
26 4
23 1
13 3
38 2
2 2
47 3
28 1
19 2
37 2
43 1
45 4
33 2
36 1
15 4
15 2
18 2
20 2
17 4
22 1
44 4
23 2
32 2
2 2
7 3
7 2
16 2
19 3
50 1
9 1
26 3
35 2
3 2
14 3
3 2
32 4
43 2
50 4
7 3
29 3
12 3
18 3
22 1
49 3
11 1
8 3
23 1
3 1
37 1
7 1
37 2
34 3
6 3
25 3
46 3
4 2
27 3
19 3
29 3
49 1
1 4
40 3
10 1
7 3
1 4
45 3
12 2
29 4
32 1
40 1
43 2
21 1
18 3
3 4
7 3
28 3
8 3
42 1
2 3
44 4
47 2
35 4
7 2
14 3
28 4
48 1
11 3
33 2
21 2
6 1
10 2
37 3
38 4
31 1
27 1
24 4
45 4
46 2
39 4
31 2
35 1
10 3
18 2
7 3
10 1
47 2
30 3
40 4
37 3
49 3
43 4
19 3
36 1
8 4
41 1
34 2
33 4
34 4
48 4
1 3
42 3
16 3
31 4
14 1
32 4
20 3
13 3
29 2
46 2
11 2
4 4
36 3
20 4
7 2
26 1
22 1
10 1
40 4
27 1
28 4
42 1
25 1
19 4
29 3
4 3
42 4
3 2
14 1
48 1
42 2
10 4
1 3
49 2
14 1
21 3
14 4
3 1
43 1
31 3
43 3
46 3
32 2
47 2
23 1
4 1
31 4
45 2
18 4
25 3
20 2
32 2
17 1
37 2
14 4
20 1
21 3
22 3
24 4
21 2
9 1
45 2
27 1
31 2
11 4
25 3
29 3
19 1
23 3
38 1
21 4
29 2
40 1
39 2
37 2
7 2
20 3
35 4
30 3
2 1
31 3
43 3
10 4
28 1
49 2
17 1
45 3
39 1
9 3
7 1
19 1
43 3
42 1
2 4
33 4
15 2
25 1
37 3
7 1
21 1
40 2
41 2
42 3
43 3
10 3
4 3
32 3
5 1
25 1
32 1
5 2
28 2
32 2
4 2
14 3
33 2
50 3
12 2
47 2
46 3
42 3
11 1
31 1
34 3
49 1
10 4
48 3
50 1
5 2
30 1
33 4
35 4
32 1
18 3
7 2
19 2
28 2
16 2
15 4
11 2
35 3
10 1
39 1
31 2
6 2
33 3
24 1
50 2
12 4
33 1
48 1
35 3
36 3
21 4
12 2
23 1
18 2
42 3
49 2
37 2
27 4
3 1
33 3
4 4
33 1
21 1
39 2
39 3
14 4
35 4
43 1
1 1
11 2
37 3
14 1
7 4
5 1
33 2
28 4
27 4
44 2
45 3
11 1
45 2
5 4
20 4
45 3
38 1
22 3
24 4
26 2
31 1
37 2
36 3
7 2
21 3
43 1
38 2
6 2
37 3
44 3
23 4
44 2
43 2
18 1
11 3
28 1
19 4
15 1
46 4
46 4
18 4
5 4
40 2
30 1
19 3
48 1
12 3
49 1
45 4
47 4
16 4
21 2
50 2
44 4
29 4
19 2
10 4
47 1
41 4
46 2
28 1
8 2
23 2
27 3
27 2
33 4
32 2
50 1
25 3
39 1
26 4
4 3
5 2
35 2
34 4
33 1
9 2
46 2
31 1
24 2
41 1
32 1
23 1
40 2
15 2
42 2
45 3
15 1
15 4
12 1
33 2
14 2
26 1
28 2
46 3
50 1
9 4
39 3
3 2
45 1
8 4
12 2
48 1
5 3
24 2
13 1
20 1
2 1
27 3
15 4
13 4
8 4
4 4
48 3
40 1
43 2
28 4
27 1
32 4
43 1
47 1
4 2
34 1
11 2
16 3
46 1
34 1
9 3
8 4
29 3
5 1
27 2
7 3
4 3
1 2
5 3
41 1
28 4
13 3
11 2
12 2
19 2
43 2
16 2
1 1
33 4
39 3
2 3
43 4
26 4
23 3
50 1
13 1
24 3
16 3
41 3
11 4
49 1
31 2
14 1
32 3
35 3
4 3
48 2
22 4
33 4
23 4
27 4
7 2
40 3
23 4
26 2
39 4
7 4
24 2
35 1
41 1
41 2
30 3
10 4
46 2
34 3
29 1
18 2
23 3
22 4
32 3
24 4
27 3
13 1
16 1
39 4
1 3
2 3
1 2
41 4
43 3
20 1
5 1
44 4
8 1
25 2
30 3
22 4
28 4
28 2
40 4
33 3
8 2
29 1
4 2
23 1
23 3
9 2
18 1
9 3
35 4
32 1
39 1
33 1
14 4
27 2
14 3
46 3
6 2
10 3
29 4
3 1
34 1
49 2
19 4
10 1
11 3
7 1
31 4
31 1
41 2
12 4
10 1
26 2
12 3
32 3
20 3
18 3
12 2
48 1
34 3
6 4
28 2
5 3
3 1
18 3
21 3
48 2
3 2
28 2
16 3
5 4
38 4
2 2
41 1
25 4
39 1
31 2
32 3
13 1
36 4
11 3
50 3
10 3
20 4
1 1
20 1
6 2
18 2
50 4
46 3
12 1
45 3
20 1
41 3
42 4
33 4
36 4
28 1
50 3
27 4
9 1
3 3
18 1
12 2
36 4
38 3
49 2
20 1
48 3
7 1
34 1
44 1
45 4
45 2
50 2
22 1
9 1
26 1
23 1
8 3
45 2
15 2
25 1
32 2
1 2
20 2
25 3
29 1
4 2
3 1
5 4
29 1
2 1
24 1
44 2
15 2
6 2
41 4
7 4
3 2
48 1
4 1
46 1
32 1
8 3
50 3
16 1
18 4
18 4
12 4
35 4
13 3
27 4
3 4
35 2
40 3
29 4
5 4
6 1
15 4
27 1
28 3
20 2
2 3
47 4
49 4
45 4
50 1
27 1
25 2
33 2
25 2
3 3
23 3
42 2
11 4
14 1
6 2
41 1
42 2
12 4
42 1
33 4
28 1
36 3
15 4
34 2
4 2
1 2
25 3
18 3
42 1
44 3
17 4
1 3
24 4
8 4
18 3
36 1
16 2
31 3
37 3
49 1
11 1
19 1
48 4
29 2
30 4
8 4
3 4
4 1
48 1
28 4
44 1
36 4
8 1
15 1
20 2
35 3
18 3
14 4
19 1
12 2
1 1
4 2
4 2
24 1
21 3
9 1
2 3
45 3
12 1
21 2
1 2
41 4
34 1
36 3
48 3
17 3
16 3
16 2
33 3
37 1
3 3
49 1
16 2
35 4
28 3
21 4
36 2
47 4
50 3
32 3
33 1
20 1
43 3
32 1
36 3
11 3
22 4
42 1
40 2
20 1
22 3
41 1
33 4
9 3
31 4
43 2
23 4
14 1
50 4
20 2
1 1
24 1
27 4
43 2
37 2
30 4
15 4
28 4
2 1
32 1
45 4
4 1
39 4
12 1
8 3
12 4
31 2
2 2
19 3
19 2
3 3
23 4
46 2
45 4
8 4
9 3
28 1
11 1
8 4
13 2
8 3
48 1
16 2
12 1
21 2
12 2
22 4
13 1
42 2
45 3
20 1
33 3
19 1
24 4
2 4
3 4
48 1
48 4
2 4
3 4
7 1
15 3
46 2
16 2
1 4
14 4
23 2
6 2
46 4
47 4
19 2
38 4
22 1
10 4
18 4
16 2
21 3
43 4
17 4
21 1
3 4
45 3
8 4
28 1
37 3
42 3
43 3
12 4
17 2
11 3
16 3
37 3
45 1
40 4
26 3
31 1
35 4
47 4
38 2
23 2
9 1
39 3
24 2
33 2
19 4
4 4
31 1
1 3
29 2
33 1
2 3
40 2
36 3
36 3
24 2
11 3
46 4
39 3
40 4
3 4
4 1
4 3
39 1
12 2
45 3
39 2
46 3
45 1
17 3
10 4
47 4
10 3
21 1
27 3
27 4
6 4
48 2
5 4
46 4
30 4
47 3
4 3
42 4
27 4
4 4
10 3
14 1
12 1
10 2
28 3
33 4
46 1
12 2
47 4
35 1
3 2
31 3
20 4
12 1
38 4
11 4
21 4
47 1
37 3
7 3
32 3
42 4
15 2
17 3
45 1
36 1
22 2
9 3
22 1
15 3
3 1
44 4
40 3
38 3
21 4
45 4
22 3
37 1
24 1
29 1
44 4
20 4
13 1
16 2
43 2
29 1
42 4
37 3
43 1
30 4
41 4
6 3
10 3
39 3
20 1
8 1
50 1
9 1
6 4
37 1
24 3
2 4
38 3
50 2
34 4
11 3
20 3
48 3
36 3
23 1
38 2
10 3
16 1
27 4
34 1
27 3
35 4
19 4
34 3
43 4
29 1
27 1
41 1
24 2
2 3
1 4
12 4
48 2
35 2
21 3
32 2
12 1
43 1
34 4
4 1
47 3
34 1
37 2
32 2
15 4
19 3
19 3
20 3
23 3
47 2
21 3
38 1
40 2
23 2
20 4
13 4
45 3
41 2
47 1
19 2
33 3
45 4
28 3
17 3
3 1
25 3
13 3
31 4
40 3
47 4
23 1
22 3
9 1
32 2
37 2
5 1
30 4
48 4
33 4
22 1
42 1
46 3
35 1
18 2
47 4
48 1
5 3
5 4
11 1
15 4
20 2
17 3
8 2
11 4
41 1
28 3
16 2
34 1
44 1
1 3
4 4
38 3
33 1
31 2
44 2
16 3
13 1
13 1
41 2
7 1
44 2
27 2
18 1
28 1
1 4
44 2
46 3
40 4
11 4
43 1
22 1
50 1
38 2
50 1
38 3
6 1
20 1
19 3
16 2
7 2
36 1
6 1
22 2
35 2
45 4
33 1
45 1
12 1
19 2
37 4
10 3
25 2
23 3
36 4
42 4
15 2
17 2
24 3
45 1
5 3
28 4
37 2
48 3
27 3
32 1
5 3
43 2
21 3
37 3
16 3
17 4
38 4
45 4
31 4
32 3
39 1
21 4
36 4
37 2
13 3
40 2
4 4
5 1
48 4
34 2
49 2
15 1
45 4
48 1
34 4
20 1
5 3
9 1
3 3
36 3
30 1
29 1
18 1
50 4
24 4
24 3
13 3
13 4
9 2
16 1
21 4
17 3
18 1
44 3
43 3
26 2
39 1
15 3
22 1
3 2
10 1
17 4
50 4
9 4
37 3
12 4
10 2
17 4
33 3
28 1
2 4
5 2
9 3
23 4
41 4
45 4
43 2
31 1
32 3
1 2
12 1
36 1
10 3
14 4
38 1
7 4
24 3
6 4
3 4
11 3
6 1
38 1
40 3
33 3
40 3
44 1
28 1
40 4
44 3
27 4
32 3
39 4
31 2
19 3
46 2
42 1
11 2
2 2
30 4
28 2
1 4
10 2
25 3
45 2
44 3
42 4
22 1
41 4
20 2
34 4
42 2
48 1
13 2
25 3
35 1
7 1
2 2
42 1
22 4
12 3
41 1
13 3
44 3
31 4
19 4
30 2
23 1
49 4
46 1
12 3
23 3
48 1
43 1
36 1
46 2
4 2
8 3
1 2
35 1
29 1
50 2
3 2
32 1
48 1
39 3
43 2
9 4
31 1
36 1
6 3
39 3
15 4
27 3
33 4
32 4
25 3
11 2
2 4
24 4
3 1
49 4
30 1
48 1
41 2
20 2
23 2
36 1
15 4
47 3
11 2
45 2
14 1
35 3
19 3
15 4
27 4
28 1
24 4
10 3
31 4
44 4
25 3
34 2
28 3
41 2
33 4
37 4
28 4
8 4
6 3
31 3
34 1
23 4
28 2
8 4
10 2
39 4
36 1
23 1
40 4
45 4
22 1
36 3
47 3
48 3
8 2
45 4
8 1
8 2
16 4
35 2
36 4
9 4
1 1
8 1
32 4
40 4
4 2
17 1
41 3
35 3
5 1
11 3
20 3
20 3
30 2
9 3
21 3
24 1
35 3
1 4
18 3
16 4
23 2
13 4
20 3
26 4
13 3
19 4
10 4
6 4
34 3
31 1
35 3
32 4
7 2
33 1
46 4
30 3
27 1
18 3
25 4
6 2
33 2
45 2
38 3
26 3
10 3
42 2
10 3
37 3
18 3
35 4
38 3
9 1
31 1
9 1
17 2
24 1
23 2
40 3
1 1
17 2
24 3
12 4
6 4
27 4
11 1
11 1
17 2
33 2
24 4
16 4
47 4
2 1
41 4
17 2
1 2
44 4
20 3
26 2
45 2
18 2
47 1
18 4
42 2
5 3
30 2
24 3
17 3
46 2
48 4
50 4
38 1
17 4
20 2
27 4
39 4
50 4
19 2
15 1
27 2
41 2
9 4
4 2
49 2
35 1
12 1
10 3
35 2
9 4
22 1
19 2
40 2
43 4
48 1
46 1
38 4
20 4
7 2
10 1
16 2
30 4
46 3
8 4
19 3
3 3
20 3
20 4
31 1
30 1
36 1
45 2
43 4
45 1
41 3
7 4
50 2
1 4
10 4
6 3
36 1
41 1
1 1
9 2
33 1
4 3
21 3
32 1
47 3
1 2
31 3
22 3
45 3
31 2
10 2
5 1
16 3
31 2
18 3
41 4
21 1
4 2
31 3
8 3
46 1
50 1
15 4
21 2
22 1
31 4
5 1
21 4
31 3
8 2
31 4
37 2
39 2
10 2
43 4
3 2
30 1
30 4
2 3
6 1
17 3
21 4
29 2
31 2
1 1
17 1
14 4
22 1
37 3
36 3
9 3
39 4
34 4
29 1
21 3
37 1
21 1
2 4
29 4
6 1
50 2
49 3
34 4
22 3
44 1
37 1
45 3
2 3
25 1
41 2
40 2
1 4
30 4
3 2
45 4
10 3
6 2
37 4
7 4
23 1
19 4
46 4
23 1
25 1
7 1
40 2
41 4
32 3
20 4
30 1
49 2
8 2
35 4
45 4
3 3
22 4
33 3
42 4
3 1
14 1
40 3
45 1
13 2
24 3
12 4
34 4
34 1
19 4
5 1
49 4
27 2
10 2
46 2
49 2
28 1
37 2
32 4
39 2
48 4
50 2
6 1
26 1
14 2
45 4
18 4
2 2
41 1
25 1
22 2
35 4
31 4
44 2
15 4
11 3
24 1
9 2
44 3
16 3
21 4
30 2
31 2
35 3
39 3
30 3
43 3
14 4
11 4
28 4
39 2
49 3
23 2
15 2
1 1
4 2
9 4
15 2
23 2
38 4
22 4
3 2
29 4
43 4
24 2
26 4
8 3
35 2
26 2
24 1
24 3
21 2
31 2
17 4
6 1
36 4
8 1
15 1
20 2
23 2
44 1
19 2
28 2
28 4
38 2
39 1
44 2
26 3
14 1
19 4
30 2
24 2
18 2
13 4
22 1
39 4
30 2
35 2
43 4
33 2
35 1
40 1
31 2
38 2
20 1
8 2
32 3
14 4
30 2
27 3
49 4
28 4
30 4
12 4
31 4
15 2
7 4
33 1
23 2
22 1
15 3
22 2
50 1
27 1
36 2
44 2
1 3
48 1
10 4
17 1
43 3
3 1
38 3
38 1
12 3
38 1
50 3
23 4
28 2
30 4
3 1
31 1
13 3
12 3
39 2
29 3
30 4
35 3
7 1
4 1
42 1
22 2
29 4
6 1
12 2
17 3
15 4
17 4
36 4
15 2
43 1
3 3
16 1
43 1
35 3
6 1
30 2
41 1
10 3
6 3
49 4
44 1
28 2
42 3
15 1
26 1
43 1
5 2
41 3
8 1
47 4
30 1
8 1
22 4
4 4
5 4
26 1
12 2
29 4
38 2
42 3
13 3
7 3
1 2
18 4
35 1
32 1
26 2
50 4
19 1
25 1
14 2
13 1
18 2
15 2
38 1
1 1
3 1
13 3
47 1
29 4
10 3
3 1
38 2
10 4
35 3
41 1
2 3
4 3
1 1
33 3
47 1
5 4
18 4
50 4
43 1
8 2
28 1
45 1
19 2
33 4
11 1
5 2
3 1
9 3
45 4
49 4
35 4
11 4
10 4
20 3
21 4
26 3
47 2
39 1
19 3
1 1
23 1
22 1
30 2
7 3
33 1
49 4
33 3
42 4
41 1
33 4
6 1
9 3
20 2
8 4
34 3
12 2
37 2
22 1
18 1
36 4
4 1
43 4
48 3
24 4
16 4
16 2
17 3
49 1
42 4
28 2
35 4
4 4
50 4
49 3
3 1
32 1
46 1
19 3
16 2
37 1
21 3
35 1
35 4
11 1
25 2
43 4
41 4
15 2
19 3
37 2
46 4
49 3
6 3
44 2
38 2
15 3
18 3
24 2
20 3
29 4
36 3
32 2
28 1
40 1
47 3
6 3
5 1
3 1
8 4
48 1
5 2
8 1
18 1
20 1
43 4
38 2
10 3
17 3
22 2
40 1
29 4
25 1
31 4
37 1
43 1
1 3
5 2
26 4
20 3
12 1
18 3
32 2
20 2
30 4
42 2
16 1
41 2
5 1
19 1
18 3
40 1
9 1
37 1
41 4
40 3
32 3
24 4
49 1
38 1
14 1
16 3
34 2
35 1
42 3
29 4
49 4
27 3
45 2
12 1
15 4
20 4
22 2
48 3
22 2
30 2
29 1
20 4
2 3
12 1
50 2
28 2
20 4
26 1
6 3
34 1
50 4
47 2
18 3
24 4
17 2
25 2
39 4
22 1
25 1
29 2
15 3
48 1
23 2
36 2
24 3
21 1
29 1
37 4
38 2
47 4
33 1
44 1
25 3
37 2
3 3
25 1
40 1
14 2
37 3
3 2
49 3
2 1
5 3
48 4
38 2
5 1
14 2
3 4
24 2
41 3
30 2
30 4
34 1
13 2
46 2
15 1
35 2
50 1
39 1
4 1
30 3
33 4
48 1
49 1
44 4
21 4
41 1
40 1
41 2
43 3
32 4
40 3
8 1
32 2
7 4
2 3
9 2
28 2
32 4
21 2
25 2
26 2
26 2
11 2
9 1
31 2
4 1
23 4
11 4
26 2
41 3
21 2
38 3
12 1
32 4
3 1
47 4
17 3
22 2
23 1
4 2
48 4
50 4
5 4
7 2
42 2
6 3
49 3
22 1
40 3
30 4
42 4
8 4
12 4
11 3
40 4
13 4
44 4
50 1
4 3
48 4
16 3
25 4
4 4
15 1
39 3
32 1
45 2
9 1
48 2
19 1
35 1
11 3
12 1
49 1
18 1
36 1
43 3
5 1
50 2
42 3
1 4
13 2
32 3
7 1
16 3
31 3
9 3
23 4
43 1
18 4
5 3
44 2
33 4
20 2
40 1
49 2
47 4
48 1
50 3
44 1
8 1
1 2
41 2
29 3
35 3
11 1
33 3
16 2
20 4
34 4
12 2
32 2
24 2
21 2
23 1
12 4
22 2
35 2
37 2
29 4
1 3
16 1
18 3
14 2
38 1
33 3
44 3
26 4
8 2
14 2
24 3
42 3
7 4
8 2
34 3
25 1
16 1
45 3
18 1
39 2
46 1
33 2
45 2
19 4
3 4
46 1
14 4
