50
5000
8 5
8 6
26 7
38 1
35 10
33 10
13 7
8 3
18 2
35 5
42 8
20 3
28 2
15 2
17 4
38 4
14 7
8 6
5 2
10 4
18 4
49 10
50 7
35 3
13 10
3 4
44 3
29 4
41 8
27 9
4 1
22 9
25 7
1 7
42 6
28 3
50 10
48 10
5 10
19 7
47 1
1 3
44 9
25 10
19 9
5 4
1 5
39 5
36 3
35 8
37 9
39 9
28 4
46 1
7 6
23 1
28 8
27 3
48 1
5 4
38 7
47 6
13 6
7 6
31 1
20 1
2 4
15 9
10 1
17 9
2 7
31 4
10 1
30 1
42 1
30 2
10 7
38 9
44 10
29 4
38 2
17 10
33 7
17 7
40 9
14 1
38 3
5 9
33 2
38 4
33 5
49 2
7 1
43 1
14 6
36 5
23 5
17 5
43 9
47 4
26 1
40 8
7 10
44 7
1 2
18 4
19 4
35 7
23 5
27 10
23 9
15 9
42 10
48 3
40 8
34 3
8 9
28 2
3 10
40 1
32 5
10 5
39 3
18 8
12 1
35 1
27 1
13 8
12 7
28 8
1 6
28 10
27 5
16 2
36 5
24 3
44 1
13 2
8 9
35 6
32 7
17 6
23 6
29 3
19 3
36 6
1 8
4 2
34 2
15 5
14 3
19 3
6 5
16 10
26 6
32 7
38 8
45 7
28 8
40 7
12 2
6 6
14 10
25 10
5 6
12 3
26 2
4 2
16 9
31 5
9 8
28 5
46 9
2 10
6 3
30 9
25 4
45 7
12 6
1 10
23 5
34 10
46 9
32 1
7 7
29 6
35 1
49 8
30 7
44 10
38 9
40 7
21 9
18 9
2 3
41 6
40 5
30 7
28 9
48 8
26 2
2 1
20 1
28 9
38 6
32 6
36 8
49 5
14 6
16 2
3 6
49 1
8 9
8 9
10 8
3 2
4 8
21 1
7 6
22 3
22 4
35 5
46 10
46 8
50 2
2 1
3 2
6 4
25 4
35 5
28 8
40 6
50 8
26 9
42 10
31 3
12 8
34 7
44 5
12 5
8 5
11 6
3 9
28 4
44 2
31 6
16 8
41 2
44 10
34 3
1 1
26 4
28 6
42 2
8 5
30 5
14 1
40 5
3 1
42 6
7 9
27 2
42 10
45 1
13 4
34 8
26 7
1 8
29 4
20 3
29 9
47 5
29 8
41 2
5 8
13 10
31 8
9 3
40 4
18 10
30 1
5 5
7 5
13 4
15 9
34 3
47 6
12 9
9 1
39 4
41 4
49 2
10 9
40 8
25 4
14 1
39 3
38 9
18 10
4 1
28 1
5 3
3 4
35 7
47 3
17 10
41 2
46 9
25 4
37 10
43 7
26 4
13 8
10 4
49 3
41 4
13 7
47 1
36 1
29 2
47 1
48 8
19 8
27 8
32 10
26 1
10 2
43 8
8 7
6 8
38 2
33 5
15 9
49 5
16 8
2 9
35 2
13 8
38 10
4 3
27 3
37 2
36 3
7 10
44 3
20 8
21 7
31 7
23 3
23 7
47 1
50 6
43 7
19 6
42 8
46 7
49 1
15 2
33 2
35 9
9 1
19 7
1 3
38 6
30 8
18 1
31 10
44 4
29 5
27 1
8 9
14 1
23 9
38 3
43 3
17 7
6 7
10 3
12 3
22 10
42 6
45 5
36 10
11 3
44 3
7 3
29 5
7 1
5 6
43 4
28 7
3 1
3 5
8 3
39 8
50 5
47 5
6 8
29 3
39 8
4 6
34 4
47 6
16 3
34 10
11 4
27 2
46 8
49 1
18 6
15 4
2 2
2 6
22 5
25 5
1 8
10 2
44 9
20 8
42 4
14 9
27 1
31 4
13 4
47 7
3 2
36 1
13 1
25 1
25 9
40 7
15 3
12 1
12 9
18 5
6 1
45 9
34 4
46 7
19 2
43 2
34 4
36 3
43 10
1 8
4 10
21 7
22 4
25 4
36 10
49 10
39 9
49 2
33 7
27 9
47 8
50 6
5 1
26 8
9 4
1 2
39 1
46 6
2 10
43 7
5 8
16 8
43 9
26 3
47 3
10 7
29 9
35 9
15 1
2 10
2 8
7 10
15 2
13 4
10 10
32 4
16 4
38 4
13 9
8 5
11 3
1 6
39 10
9 7
43 1
7 9
20 2
1 10
11 4
46 9
25 8
19 2
7 10
35 10
36 9
45 4
11 5
14 3
46 3
29 3
18 6
35 7
18 6
16 8
42 6
39 4
18 10
46 1
39 10
8 8
1 4
19 4
28 6
38 10
22 8
27 4
49 6
29 6
24 5
32 10
35 8
34 1
16 5
8 7
44 6
39 7
43 9
40 1
33 8
35 9
14 4
42 2
49 3
13 9
43 7
28 8
40 9
40 7
35 6
13 9
19 5
44 5
3 3
41 8
19 6
40 9
11 5
50 7
21 4
9 7
19 2
32 4
44 5
11 10
2 5
20 2
12 3
23 2
10 6
30 6
5 7
32 4
40 5
23 1
12 2
41 5
3 2
41 4
27 7
38 4
13 1
31 8
30 7
20 9
3 4
37 5
32 9
25 4
38 6
19 4
9 2
14 7
20 4
45 1
12 10
24 10
10 5
38 3
38 6
50 4
28 5
34 5
17 7
30 6
31 3
24 9
18 6
46 5
1 5
20 6
27 10
21 2
38 7
11 1
6 3
37 8
20 3
33 2
18 6
28 6
2 9
42 3
8 10
24 4
37 7
25 8
23 6
1 10
20 6
20 6
30 2
46 7
23 8
38 3
48 6
10 4
43 4
27 6
38 4
1 7
44 4
48 9
27 3
31 4
13 9
18 1
49 2
18 3
5 1
7 5
27 4
1 7
19 4
47 2
3 9
25 1
5 4
30 4
39 1
26 7
42 8
5 3
35 4
43 3
23 5
13 9
36 7
45 2
2 7
3 10
10 1
14 8
34 4
39 7
32 3
38 2
27 6
31 8
27 10
31 3
8 5
40 7
11 1
31 3
39 1
43 2
38 6
48 6
18 10
16 8
4 6
14 7
38 9
45 10
46 8
18 5
20 9
26 1
44 7
47 4
33 2
1 10
42 4
27 9
15 6
27 10
28 8
50 10
32 2
45 6
43 7
46 6
50 2
23 9
17 6
33 9
43 6
21 7
32 10
45 3
40 9
42 1
32 9
26 4
5 2
30 2
23 10
2 5
38 6
15 9
9 4
9 3
24 1
37 9
41 8
48 6
4 2
41 3
3 4
38 7
14 7
11 4
17 9
4 5
29 9
18 10
32 7
11 2
16 1
7 7
13 10
31 2
21 7
12 10
36 2
12 9
36 4
32 1
10 3
3 4
7 3
48 6
42 10
23 10
2 8
29 1
14 4
2 9
44 3
50 3
30 10
8 1
27 7
4 7
49 5
5 8
31 9
3 1
21 2
49 4
39 10
12 9
47 7
39 5
21 6
18 1
28 2
34 5
27 7
37 3
36 6
21 7
34 3
46 9
2 6
1 10
40 9
29 4
31 4
14 7
37 1
32 4
46 1
33 3
7 3
24 7
28 10
37 5
24 5
23 7
34 2
16 3
10 6
24 6
18 6
1 2
38 3
19 10
5 10
43 4
23 2
19 3
25 1
33 3
29 4
11 10
30 10
4 3
28 10
20 2
18 7
40 9
41 8
39 5
19 7
35 10
42 8
15 4
3 6
24 7
8 9
5 6
5 2
30 6
29 8
23 10
20 1
1 4
37 9
2 8
28 5
50 5
1 5
33 6
8 4
2 7
37 10
29 9
3 6
39 7
40 10
21 4
14 7
7 9
27 7
50 10
41 2
38 2
32 3
42 9
44 8
14 1
3 4
43 7
16 2
43 6
12 10
16 3
3 6
40 3
32 10
25 1
11 9
37 2
41 10
47 4
26 10
5 8
49 8
4 5
25 6
2 8
3 9
47 3
26 2
37 1
16 7
34 7
13 3
48 9
2 2
34 9
37 4
15 10
42 4
34 5
20 10
25 7
42 4
14 10
48 4
15 10
18 1
13 2
16 6
2 5
3 4
4 4
40 6
21 5
23 3
36 9
10 8
1 7
4 10
16 6
42 9
40 2
32 4
19 4
26 10
35 7
19 5
5 10
35 2
30 1
43 1
2 10
48 5
24 7
2 1
6 4
3 1
12 1
43 5
5 4
39 2
10 7
50 8
38 9
13 6
31 2
5 9
31 1
45 4
15 9
37 5
30 7
20 5
7 9
29 4
39 1
30 9
25 9
3 9
17 8
5 10
29 7
40 8
27 6
2 6
12 1
38 4
38 9
19 10
11 6
21 6
6 1
11 2
8 1
26 2
7 5
36 4
12 7
36 4
8 9
42 3
19 2
8 2
22 4
49 4
15 2
46 6
9 2
17 8
21 2
9 10
35 4
35 6
17 3
20 10
38 5
15 9
6 6
3 7
32 8
38 6
13 9
16 2
45 7
9 1
42 3
27 6
15 2
21 9
44 9
11 2
17 8
26 9
41 9
8 7
10 10
4 7
1 9
22 5
11 8
38 1
47 8
37 7
38 9
25 8
45 5
16 9
28 2
37 2
8 2
27 4
16 3
48 9
18 6
42 1
7 9
31 1
28 1
31 2
48 10
29 2
37 2
20 8
47 3
36 3
40 8
10 4
11 5
5 4
9 9
45 9
44 9
34 8
26 2
43 9
22 5
28 1
3 6
28 8
7 6
34 8
19 1
10 8
17 6
43 7
43 3
11 4
2 6
6 9
13 4
16 6
48 10
21 1
40 7
23 1
1 8
50 2
10 7
40 3
42 10
10 7
45 1
23 2
7 9
23 4
12 7
14 10
49 6
47 7
11 2
26 9
37 3
25 10
26 4
2 4
8 4
39 3
19 5
38 10
35 6
45 9
12 5
44 10
16 9
39 8
12 9
14 2
45 9
26 10
11 8
4 7
37 4
26 9
35 1
41 5
30 5
29 10
29 7
19 8
20 3
34 9
5 7
43 8
47 4
25 1
29 7
17 2
33 8
18 1
47 10
37 8
32 7
12 5
21 3
26 3
10 9
45 4
33 8
4 9
19 1
21 7
20 1
29 4
14 9
41 1
22 9
24 3
13 4
3 8
1 8
44 1
10 7
8 9
6 6
16 5
48 10
3 6
12 7
39 2
16 10
11 5
26 3
39 6
14 10
37 2
38 1
40 5
1 9
32 10
50 6
50 8
8 1
46 3
14 4
1 8
40 7
14 3
45 4
42 10
5 10
36 10
48 3
9 8
1 10
19 3
35 6
9 4
32 7
22 6
30 9
15 3
2 6
48 1
23 10
38 6
23 4
30 5
46 10
17 10
9 6
28 10
5 8
31 4
46 10
7 3
2 4
49 8
50 6
50 7
46 5
35 8
5 2
29 7
28 4
19 6
23 4
23 9
30 7
11 7
47 5
19 6
16 6
31 1
32 7
29 9
23 7
34 5
49 5
8 1
24 5
16 1
7 2
28 4
14 2
3 1
5 5
48 2
27 9
44 1
10 9
39 7
16 10
42 10
43 6
21 3
12 1
43 2
23 2
21 5
10 10
2 1
19 7
9 6
6 7
49 7
14 8
35 5
20 2
41 3
49 5
30 8
36 4
49 5
50 5
41 3
20 3
28 8
21 1
26 4
2 7
45 7
38 5
37 1
13 7
34 5
1 6
3 1
6 2
17 10
30 7
14 9
12 3
4 4
24 7
28 7
16 5
38 8
9 2
15 2
36 5
37 1
30 1
44 8
48 10
44 4
41 5
10 4
2 4
31 8
44 5
34 10
50 7
9 1
19 7
34 5
47 5
17 7
14 4
40 10
50 5
29 4
8 7
38 6
8 6
16 2
44 5
39 3
18 7
13 6
41 1
31 8
34 10
20 5
49 3
29 9
39 3
13 6
3 3
16 3
24 6
22 7
48 9
46 1
1 6
43 10
1 3
20 4
23 3
13 6
45 8
8 6
1 2
48 5
1 8
31 6
50 10
23 8
20 7
12 4
11 7
38 3
4 9
2 2
17 8
5 7
12 9
14 2
42 7
3 6
41 4
32 4
30 2
46 9
16 1
38 5
30 10
40 8
20 5
35 6
18 7
11 7
42 2
41 5
12 10
11 5
10 9
9 8
42 6
10 5
46 1
29 1
16 3
48 6
6 8
39 9
47 7
38 7
27 9
45 8
35 3
7 5
9 2
39 2
49 1
26 3
34 4
34 8
47 2
20 7
12 4
35 7
5 9
50 7
5 7
48 6
25 9
4 9
10 5
42 8
23 1
11 5
36 7
25 9
50 6
23 8
23 3
24 5
10 2
50 1
50 9
34 1
34 2
4 3
14 6
27 4
10 2
6 2
23 5
29 7
46 3
45 3
23 10
43 2
10 6
50 4
33 3
12 8
45 8
47 8
19 4
48 4
46 5
44 3
17 8
49 8
47 5
31 9
47 5
23 4
37 9
3 1
22 1
46 8
22 6
4 2
9 4
28 4
41 1
46 4
36 6
28 2
38 9
36 3
41 6
50 2
7 7
19 2
7 2
23 3
27 6
13 4
14 2
48 4
32 10
43 7
16 6
17 4
43 2
4 7
5 2
50 7
30 6
29 6
34 2
41 1
10 9
5 9
14 4
15 6
22 2
23 1
7 6
8 7
48 10
36 6
49 1
10 9
36 8
10 2
25 7
2 3
29 1
35 9
7 10
26 6
33 2
27 7
27 6
16 10
41 7
6 5
37 10
4 3
4 7
10 2
26 3
49 8
12 8
32 5
37 10
50 7
32 10
28 2
40 5
27 4
4 8
33 4
48 5
15 1
8 1
48 9
37 7
19 1
21 5
17 5
48 8
18 8
21 6
47 2
28 4
24 1
7 3
39 6
21 10
16 10
42 6
6 4
37 8
36 1
12 8
49 10
48 8
12 4
50 3
5 9
38 3
27 7
33 2
21 6
20 8
20 5
30 3
3 7
24 4
46 8
43 2
30 7
32 9
27 5
17 7
21 7
32 4
29 7
28 7
50 2
16 7
16 6
44 5
33 6
41 3
42 4
39 9
1 5
20 8
44 7
4 6
46 1
3 3
17 6
25 7
39 4
17 3
34 8
8 5
47 6
2 3
4 8
2 9
26 6
4 6
20 9
23 7
33 3
48 6
15 2
5 9
39 9
13 3
5 3
26 5
38 2
46 1
35 5
40 3
14 6
22 9
38 6
38 4
45 1
7 2
6 4
12 3
11 10
40 8
43 4
19 1
19 3
36 8
14 9
37 9
27 5
30 1
35 3
44 6
34 5
38 4
12 3
24 1
22 10
38 2
29 8
39 4
17 8
10 2
42 5
47 3
2 9
44 3
24 6
17 1
45 8
50 2
16 7
17 7
46 8
7 9
39 2
3 1
26 3
41 7
46 10
4 5
18 6
20 2
22 9
34 5
43 4
30 10
6 9
19 4
14 10
34 7
4 2
30 7
19 4
37 7
25 2
8 10
43 7
25 7
26 10
2 7
21 3
18 9
25 4
35 5
17 2
35 2
45 8
2 6
38 4
16 7
22 5
8 1
20 9
41 8
20 3
13 9
28 7
19 5
46 4
9 6
48 9
25 3
10 10
35 2
38 10
19 5
17 6
20 4
47 7
18 1
25 4
39 3
2 7
17 10
42 6
42 1
14 10
23 9
2 8
7 1
45 2
44 3
13 5
40 1
17 1
20 4
28 5
19 2
6 2
14 7
16 4
44 2
24 3
23 8
13 6
34 1
24 7
29 10
42 8
30 10
44 5
29 5
30 2
22 8
44 9
12 8
7 3
16 7
29 9
41 10
46 7
27 8
18 4
22 2
40 3
36 2
49 2
5 6
48 7
4 3
11 4
45 3
48 2
12 7
23 7
35 3
27 4
46 6
41 9
7 8
16 7
20 6
13 1
44 9
36 3
16 6
41 1
43 9
13 7
17 1
21 3
3 6
37 6
35 3
14 9
33 10
41 8
38 4
19 5
24 6
3 5
8 2
11 7
5 8
13 9
47 5
12 4
22 2
1 9
35 7
49 1
46 2
19 1
2 8
46 4
5 9
1 8
14 1
4 3
27 9
35 8
19 5
45 10
48 9
30 6
7 7
35 9
41 5
2 9
18 6
12 1
44 2
7 8
48 7
9 3
22 2
24 9
15 4
7 6
23 9
15 3
4 6
32 7
16 3
45 3
27 1
42 9
31 9
21 5
44 1
25 6
35 1
15 9
2 4
9 5
38 10
16 8
17 5
7 6
12 1
30 9
33 7
16 4
24 4
48 10
48 1
22 7
8 3
33 6
6 7
4 9
33 5
2 1
16 4
19 3
25 9
8 7
24 4
42 1
27 6
5 8
5 3
31 10
19 2
11 7
41 6
37 7
28 6
49 7
5 9
1 3
29 5
10 1
4 5
49 6
30 4
45 5
27 9
35 10
24 7
23 5
1 3
23 4
27 5
8 8
22 9
24 3
48 2
3 9
7 3
44 9
15 10
33 4
23 8
13 4
15 4
48 6
46 9
38 8
33 3
21 8
50 5
38 1
7 4
48 5
19 2
1 9
22 2
35 4
22 6
31 4
31 3
26 7
2 2
11 7
48 4
35 6
21 8
28 7
42 7
28 5
24 4
40 8
34 1
30 6
12 7
15 3
43 7
19 7
29 2
17 7
38 7
5 9
5 4
24 10
42 6
48 3
5 4
22 6
35 5
50 4
19 8
13 8
39 8
12 6
14 4
1 1
20 9
27 1
48 5
43 5
46 4
26 5
8 6
28 5
5 8
7 10
49 2
47 3
22 2
48 1
15 2
18 9
26 1
5 5
48 3
31 4
36 2
49 10
13 2
18 10
28 10
46 1
24 9
30 6
28 8
28 7
2 4
25 9
38 1
18 4
34 6
1 10
16 4
29 9
1 2
19 10
16 10
42 2
15 7
18 8
39 6
11 6
15 7
11 10
16 5
14 4
19 8
30 6
36 4
36 7
19 5
40 2
49 1
6 2
23 1
20 8
23 6
11 8
20 5
18 7
42 7
22 3
13 1
16 4
28 2
32 8
24 10
6 2
21 7
11 7
36 3
4 7
13 3
50 4
21 6
9 6
41 3
21 4
43 3
46 5
25 6
33 4
11 3
42 6
44 8
17 10
37 3
48 6
21 3
8 9
34 3
24 5
24 3
2 8
17 10
34 2
38 9
30 8
4 8
4 3
26 10
42 10
26 4
16 1
12 1
6 8
27 5
30 5
1 1
14 8
27 3
49 3
49 3
8 5
11 3
44 2
44 8
48 7
19 8
32 2
32 1
5 1
49 4
47 7
47 2
42 9
13 3
35 1
37 4
38 3
39 3
37 1
36 6
30 5
48 9
11 8
42 1
38 8
12 4
3 2
16 1
33 5
31 7
11 4
10 4
18 3
26 6
1 7
44 8
16 3
7 10
24 8
50 4
50 7
29 5
50 3
16 8
6 2
36 5
34 1
30 6
33 8
43 8
21 7
6 3
34 10
29 5
34 4
36 10
5 2
33 9
17 4
1 5
21 1
46 3
3 9
5 4
48 8
45 8
14 7
42 4
26 4
6 5
43 9
5 3
11 9
31 8
18 9
7 3
43 7
48 4
27 10
25 4
46 8
15 4
31 2
22 5
17 8
49 8
28 4
48 2
47 6
18 8
46 7
6 4
31 3
45 1
17 7
16 9
22 5
6 3
37 1
34 2
11 3
35 8
40 5
5 4
5 3
36 2
14 3
49 10
16 7
35 3
45 8
15 6
39 9
18 4
31 4
9 8
19 4
36 8
18 10
31 5
42 6
44 9
30 6
2 6
37 3
35 10
22 4
42 7
8 1
50 8
40 6
33 1
25 3
30 2
47 4
46 5
31 10
31 10
40 6
48 4
23 4
46 10
18 6
2 10
9 2
18 9
48 5
20 5
4 6
3 10
15 6
38 2
13 8
37 3
11 7
20 6
29 5
29 7
9 10
14 2
31 4
49 9
28 10
20 6
21 2
47 3
35 5
23 4
41 7
1 6
42 5
30 7
15 3
47 9
28 3
12 7
35 3
43 10
26 2
11 1
31 6
13 1
43 10
21 8
37 7
25 4
31 8
44 1
14 10
14 10
32 8
48 3
8 2
9 10
2 9
39 7
15 9
5 8
20 3
30 7
18 2
13 10
4 10
38 9
21 9
39 8
21 5
21 5
45 8
10 1
48 8
50 10
44 3
42 1
14 10
16 9
4 7
17 2
28 3
42 3
31 7
16 9
47 5
44 3
45 10
36 9
16 9
22 6
29 3
26 7
20 10
27 2
44 3
38 4
9 7
15 1
5 2
37 1
25 7
15 3
19 3
32 1
3 9
29 7
22 7
22 4
3 2
43 9
24 9
8 2
28 2
17 2
4 10
10 3
9 1
15 10
14 7
36 4
40 3
32 6
48 8
12 8
20 1
27 8
21 1
42 6
40 9
36 8
33 2
41 8
24 2
4 8
3 6
6 2
22 2
3 7
40 9
12 10
20 1
39 3
38 3
38 7
38 7
50 1
5 9
20 9
23 10
28 3
18 9
31 5
29 4
32 10
39 6
19 6
23 4
7 1
32 1
11 6
11 1
11 10
37 10
17 2
47 4
11 2
28 9
31 6
34 7
41 2
26 8
11 4
24 2
23 8
4 2
21 1
1 5
25 7
41 8
36 5
29 9
13 4
28 4
10 9
34 10
2 6
40 1
49 4
27 9
29 2
10 4
48 6
39 3
30 6
48 1
16 9
8 9
8 1
21 3
20 4
32 4
33 8
24 6
46 5
42 3
14 6
15 5
49 3
19 4
28 6
1 5
37 1
47 5
20 1
32 7
47 8
9 10
20 2
1 4
24 9
18 5
35 3
24 7
1 9
40 5
3 10
15 5
3 4
20 9
38 6
12 4
22 1
30 6
50 1
12 3
10 10
50 8
48 8
46 1
14 2
22 1
25 2
27 6
44 6
36 6
48 1
2 9
47 9
24 1
3 3
43 10
47 3
32 7
38 6
37 9
43 10
28 4
25 6
50 2
28 5
13 3
39 4
16 4
17 5
23 6
13 2
17 8
38 7
40 2
27 10
39 5
28 4
31 6
17 1
5 6
49 7
47 8
46 1
41 4
14 3
16 7
28 6
1 9
38 2
1 4
33 7
36 7
7 1
39 9
19 7
4 10
7 8
37 8
19 5
26 2
19 10
20 2
28 10
16 4
3 10
39 9
6 6
2 6
34 5
21 3
23 2
46 3
11 4
6 8
44 6
38 10
8 8
22 2
43 1
9 8
2 2
45 5
46 6
36 3
11 4
19 8
11 4
23 8
41 1
19 6
35 7
6 9
9 5
1 8
49 5
36 7
3 10
23 10
3 5
10 4
24 9
48 3
8 6
3 3
21 3
15 3
42 1
45 4
17 4
10 7
26 10
22 4
8 6
15 9
23 5
37 10
7 10
34 1
43 5
41 9
44 4
8 6
44 1
18 1
36 3
44 7
14 4
21 1
16 1
2 6
21 6
6 2
10 9
6 7
40 4
18 3
18 5
33 9
21 7
2 4
11 10
37 4
26 6
40 5
28 1
43 9
41 7
24 10
13 8
35 7
42 8
38 6
19 9
17 5
3 4
8 3
12 6
12 8
14 1
49 3
23 4
36 3
12 9
14 9
17 6
16 6
21 6
45 10
15 9
29 5
48 3
30 4
48 4
19 8
20 9
1 1
32 7
17 9
45 6
13 1
50 8
36 4
17 3
44 1
29 9
44 5
18 4
7 9
37 6
31 2
50 10
29 8
1 4
49 7
49 6
42 5
24 4
20 10
34 2
9 8
31 1
43 3
21 3
50 6
17 4
28 6
24 4
38 4
6 6
20 4
29 3
22 2
17 10
21 1
26 4
9 2
25 2
17 2
47 1
10 3
6 4
47 4
12 7
23 10
12 9
21 5
47 6
50 4
5 6
27 1
29 5
17 7
28 4
13 5
36 10
14 4
24 6
17 7
16 2
6 9
7 7
3 4
22 3
32 8
17 5
5 3
30 3
14 10
24 1
2 8
46 4
30 3
36 3
6 5
39 6
10 5
35 5
41 2
9 10
47 3
22 4
10 9
9 1
39 2
13 10
12 4
46 10
12 6
42 10
7 8
45 1
37 9
2 7
34 5
16 4
46 3
16 5
3 6
35 7
39 1
25 4
46 4
6 3
11 7
39 3
18 10
34 9
47 10
16 1
38 2
26 6
6 6
36 2
41 9
23 9
1 8
10 1
45 1
13 9
15 9
43 2
32 6
38 9
19 2
47 10
48 6
41 4
12 9
36 9
33 2
35 2
3 8
13 7
28 5
18 4
35 7
47 7
13 3
3 3
30 6
17 4
36 1
45 6
22 3
22 4
30 6
37 2
10 3
27 8
2 8
38 4
26 10
15 7
32 1
43 3
22 9
29 3
29 6
40 1
49 9
44 8
26 4
24 10
48 6
50 8
30 3
22 9
47 2
41 3
34 3
18 10
35 3
17 10
47 5
6 1
49 8
40 8
18 8
5 4
36 4
7 6
35 7
18 2
33 5
17 7
24 6
38 10
30 5
17 8
13 1
42 2
21 10
24 2
30 9
24 6
44 7
22 7
15 7
7 4
27 10
2 9
45 8
49 1
40 1
45 5
28 1
44 8
33 3
17 4
28 2
26 5
38 5
39 3
3 9
35 9
9 4
36 9
47 4
40 6
11 8
33 1
49 10
7 4
30 10
31 9
31 5
31 3
20 7
46 8
46 6
47 9
36 3
42 10
23 2
19 10
40 1
29 1
7 4
12 9
15 10
47 9
18 10
17 7
21 8
15 1
11 7
5 10
22 2
45 4
3 5
26 9
36 6
29 5
8 1
15 7
28 5
12 4
25 10
36 3
9 7
3 10
39 10
50 3
38 8
29 3
45 10
15 1
44 4
31 3
11 7
44 2
36 10
22 9
12 4
12 9
43 2
12 5
45 1
42 5
46 7
16 10
28 3
26 6
39 5
45 1
20 4
41 6
45 10
39 6
12 7
47 8
40 5
27 3
4 7
24 7
13 10
8 6
9 7
28 4
15 10
48 8
31 8
12 2
36 1
5 4
1 6
29 2
24 10
35 6
29 5
14 4
50 4
23 5
11 3
4 2
24 6
16 6
7 5
14 10
49 8
46 3
26 1
42 5
13 4
18 2
25 8
5 5
23 1
28 3
7 7
26 3
43 7
41 1
11 3
19 4
11 10
37 1
26 2
3 7
9 3
9 2
36 10
17 1
39 4
20 1
37 1
41 7
8 6
13 8
37 10
12 7
25 9
2 7
14 10
44 5
26 5
25 3
31 9
21 9
30 8
1 3
19 6
15 4
42 6
6 4
25 5
49 10
34 9
44 9
27 10
32 6
17 2
11 1
3 7
35 6
17 1
32 5
27 8
14 5
12 1
25 1
24 3
29 1
21 9
39 9
8 4
48 10
25 5
14 2
19 4
27 6
30 4
27 3
6 1
18 2
21 2
5 1
36 2
6 10
13 1
22 6
28 7
20 9
37 2
46 2
20 8
47 9
22 3
48 8
32 7
39 5
2 2
36 3
6 5
45 4
23 1
13 8
10 6
44 7
45 9
36 7
35 9
13 8
4 4
37 7
15 3
21 9
42 7
17 9
34 9
44 7
41 3
31 9
38 7
49 5
46 10
8 4
7 5
22 5
9 7
38 9
41 9
44 4
50 3
18 3
16 10
50 1
12 10
8 8
17 7
43 4
31 6
6 10
46 4
21 2
46 3
44 3
38 8
49 3
30 7
21 6
15 1
13 6
25 8
45 4
29 9
19 6
31 10
4 3
5 1
6 2
15 2
11 2
7 1
10 8
41 2
42 2
40 2
26 3
23 6
8 3
30 9
19 9
17 7
24 1
29 9
6 7
21 6
28 1
38 2
18 5
32 1
45 3
3 4
1 1
43 7
44 3
11 3
50 5
33 1
40 1
19 7
15 2
26 10
4 5
32 8
32 5
42 1
28 2
44 2
32 3
40 5
49 10
45 2
34 3
32 8
24 3
50 3
9 1
21 7
39 1
10 10
22 2
22 10
19 1
40 2
27 8
17 9
35 2
8 3
7 9
24 9
10 5
3 5
32 6
34 5
7 9
21 2
8 2
41 2
31 7
47 5
30 1
46 10
48 3
15 5
9 9
27 1
21 6
37 4
38 4
30 1
40 7
16 7
29 6
12 2
4 2
6 4
45 3
8 8
14 9
8 8
27 10
28 10
39 2
31 5
4 7
22 10
26 10
42 4
2 2
38 7
1 2
50 3
30 5
23 4
7 1
3 3
41 1
30 3
16 1
6 5
50 5
10 2
30 7
34 7
11 6
31 1
47 10
40 3
40 10
23 3
39 10
37 3
6 8
18 1
16 2
40 2
13 5
49 2
33 1
33 9
9 9
22 3
30 2
39 1
45 2
23 9
31 5
25 8
36 1
7 4
41 6
36 10
16 1
37 4
3 8
9 5
42 1
3 2
8 6
2 5
15 3
4 5
21 6
20 5
32 6
17 9
1 5
21 5
43 5
15 9
35 4
49 7
42 3
42 6
20 3
12 9
34 8
29 2
17 1
49 8
38 5
8 3
12 7
42 3
46 2
11 6
27 7
35 7
23 9
8 10
35 3
5 4
22 10
9 6
21 3
46 6
38 2
47 8
35 8
10 8
23 1
26 9
21 9
23 10
31 7
18 5
23 10
24 3
9 6
42 1
37 7
5 2
23 3
46 7
30 2
20 2
44 8
41 7
47 6
8 5
12 10
40 3
21 1
22 9
47 4
48 4
49 2
7 10
6 10
50 9
41 10
13 1
22 9
5 7
47 6
27 5
8 4
19 8
29 3
40 2
48 6
45 4
7 7
26 6
49 1
2 10
9 5
1 5
2 6
43 5
30 2
24 10
30 6
7 1
31 6
29 2
29 2
30 2
13 3
43 3
25 8
31 4
44 7
21 7
18 1
21 3
18 1
31 8
50 2
13 3
41 4
46 5
14 10
20 2
14 7
13 3
8 8
42 4
20 4
16 2
29 6
28 1
20 9
25 1
29 4
5 5
25 7
4 4
16 6
46 2
24 4
29 2
40 8
31 1
39 1
3 7
13 9
10 2
25 6
22 7
6 9
38 8
11 3
27 9
48 6
19 2
9 1
30 8
27 2
49 4
8 10
27 2
12 6
25 6
35 3
9 4
17 5
11 6
16 8
24 4
48 5
37 2
11 6
40 4
39 10
4 7
13 9
17 3
36 9
46 1
22 6
19 2
20 10
45 7
30 6
31 1
12 10
24 2
10 7
44 3
14 3
33 6
6 5
48 5
9 8
30 8
20 7
37 7
34 7
19 2
48 1
12 1
29 9
29 6
48 10
14 1
4 5
42 1
42 10
33 7
37 8
16 7
15 5
26 5
24 4
35 2
31 7
30 4
2 10
38 8
19 6
35 2
11 8
46 10
35 2
27 2
45 4
41 5
23 10
19 4
12 1
22 5
35 10
30 10
23 8
46 2
30 3
45 6
20 3
18 3
1 2
42 2
33 4
25 9
12 10
45 8
31 7
12 10
36 3
42 9
45 3
42 3
4 9
39 9
45 6
36 4
40 9
11 7
40 10
18 1
27 2
36 5
29 6
49 6
22 5
20 8
4 5
15 4
15 3
4 10
3 7
37 5
32 5
31 7
37 1
9 2
34 10
31 8
36 5
28 7
33 6
31 8
36 9
20 4
18 6
19 10
25 3
15 10
6 8
15 4
6 1
10 3
11 9
47 2
36 9
42 4
22 8
27 8
41 5
45 9
49 6
1 10
8 6
7 3
25 4
22 6
15 8
6 7
20 5
21 9
37 7
35 2
8 4
17 10
1 3
23 7
46 5
10 3
27 9
1 2
49 1
49 3
47 6
44 10
39 10
32 6
5 5
45 7
29 2
23 6
34 2
8 9
41 4
9 5
46 10
16 1
5 2
3 1
49 8
21 6
26 3
33 2
30 10
35 3
50 8
19 1
37 4
33 2
5 3
25 8
8 3
7 3
19 10
48 10
3 5
32 2
41 10
1 3
25 7
5 1
39 1
4 8
22 4
50 9
18 2
37 8
38 9
5 7
47 5
33 3
38 9
9 9
43 5
5 6
46 8
14 8
12 5
37 9
36 8
2 8
47 3
48 4
46 10
49 1
15 1
39 5
48 8
7 2
18 5
34 5
34 9
28 1
15 4
30 3
40 4
26 3
7 9
39 7
35 10
15 10
43 1
31 3
13 8
6 1
7 7
6 3
30 1
7 5
46 9
5 3
28 5
45 2
26 1
29 8
31 2
24 5
4 1
20 9
23 10
12 2
49 9
10 3
4 8
12 10
2 6
25 9
8 9
12 8
33 1
43 7
38 3
50 10
34 1
19 5
40 1
18 3
28 1
41 3
12 4
34 8
25 8
42 2
38 1
49 4
41 3
48 10
42 6
28 2
2 6
37 8
18 3
11 10
48 7
4 8
7 6
33 6
44 9
33 1
44 1
1 3
9 9
4 4
30 10
34 9
43 2
3 9
33 4
33 9
26 5
28 5
6 5
13 9
36 1
49 2
31 3
43 10
44 2
24 8
18 8
31 6
41 1
6 7
7 4
16 1
45 6
49 4
29 10
17 1
23 3
47 6
36 8
18 7
8 7
31 5
43 5
8 2
13 10
24 8
27 5
35 7
7 9
6 3
25 3
47 5
47 9
44 2
31 10
12 4
40 8
4 3
38 8
44 9
6 4
24 8
13 6
5 6
41 10
1 7
26 10
42 6
48 3
27 4
3 3
5 3
28 7
14 6
15 8
26 6
3 9
33 3
35 8
50 4
11 1
9 7
32 9
21 4
32 10
11 10
36 8
43 6
44 2
38 10
7 5
32 6
13 9
20 7
9 1
27 4
47 2
44 6
21 6
3 10
50 10
50 9
14 3
2 10
8 5
27 5
11 5
13 5
18 2
6 6
5 1
44 6
27 10
9 7
7 7
37 1
42 5
19 4
3 8
47 10
24 3
25 1
22 8
28 4
27 6
40 10
21 3
27 5
27 10
35 8
50 10
26 3
23 6
39 10
38 10
20 10
44 9
29 4
49 3
26 9
2 4
45 7
5 7
44 2
43 8
41 3
46 9
31 6
31 4
1 4
15 5
46 2
18 1
45 2
4 1
46 1
49 3
1 7
20 9
17 7
15 8
38 5
20 6
22 7
31 3
6 8
29 4
16 4
12 7
25 3
14 2
3 1
44 5
9 1
48 6
15 1
18 2
44 1
30 6
6 7
5 7
43 4
28 7
21 3
27 8
2 4
17 6
34 7
11 6
48 8
31 10
26 2
40 7
16 7
33 8
2 9
1 6
11 1
39 6
32 5
23 6
41 8
5 5
34 2
4 1
35 9
33 4
33 3
20 1
2 2
22 9
47 2
34 4
30 6
22 10
38 8
33 7
42 2
16 1
6 10
29 2
11 10
28 10
19 9
49 10
27 5
47 3
26 2
46 3
45 3
37 3
26 7
20 6
33 2
6 1
44 4
40 7
27 3
26 6
14 4
9 1
37 6
34 2
24 5
2 3
10 5
9 2
33 9
42 1
15 10
45 2
29 9
22 5
22 3
33 3
6 9
24 7
35 6
16 1
38 6
28 10
3 1
27 7
8 10
45 3
10 3
35 4
4 8
9 4
9 3
41 9
35 3
41 8
34 10
30 7
38 10
17 6
5 1
33 4
5 1
20 8
19 2
46 9
16 7
37 4
43 10
38 6
17 8
45 10
36 2
44 3
49 9
43 9
43 9
12 8
19 6
42 4
12 9
27 10
38 4
36 8
36 3
45 1
11 5
18 6
32 3
23 4
39 10
14 10
14 10
4 1
21 6
19 2
5 1
28 1
15 7
24 1
39 6
16 7
49 9
27 10
22 4
19 5
19 4
37 8
25 5
27 9
18 4
40 2
32 3
49 2
18 6
45 7
13 1
18 5
18 10
34 8
47 9
44 7
1 5
31 7
22 5
17 2
47 8
25 10
37 1
18 2
41 3
49 6
7 3
40 5
30 8
35 2
23 8
14 1
42 2
20 5
25 3
42 5
14 9
46 9
23 6
17 1
19 5
13 2
12 5
29 9
41 10
24 9
37 8
5 6
7 2
5 5
14 9
34 1
2 10
23 7
49 5
24 6
27 9
31 3
43 7
50 9
8 9
15 4
18 6
15 6
48 9
22 7
36 9
43 8
47 6
6 6
30 8
17 9
30 10
13 2
39 9
39 7
18 8
30 2
19 9
20 5
26 7
22 7
6 2
15 10
32 5
29 7
6 8
39 8
19 10
16 8
46 10
39 8
45 7
15 8
35 9
47 3
9 9
21 2
19 9
32 10
27 1
29 10
24 10
47 4
7 8
34 1
49 4
15 2
21 7
25 3
32 4
2 3
26 10
21 10
34 1
5 4
25 7
16 6
41 10
19 7
33 10
25 7
11 1
27 3
35 7
50 8
1 8
44 1
7 9
16 9
49 8
46 10
13 10
23 8
16 5
44 8
40 2
39 1
15 3
22 3
3 7
45 2
43 5
14 7
27 1
5 4
50 4
49 9
47 10
31 9
36 1
44 9
15 10
35 9
36 9
8 9
10 6
17 4
29 9
14 8
1 4
48 9
18 9
22 5
46 10
2 1
27 1
41 10
36 3
33 1
41 6
43 1
3 2
32 10
39 2
18 3
48 10
43 9
5 1
23 10
14 5
46 5
40 10
21 4
50 9
33 2
35 2
4 9
15 2
30 8
13 6
29 4
17 10
33 8
20 2
11 1
16 5
39 4
49 2
39 5
34 4
24 10
15 5
43 10
41 3
10 5
27 3
46 9
26 5
42 6
32 9
23 5
8 9
27 4
19 2
11 3
1 7
36 5
20 3
19 5
12 5
37 1
49 7
7 7
34 9
14 4
48 1
17 2
1 4
15 5
40 8
38 10
8 5
37 2
46 3
36 8
21 2
13 4
6 6
11 2
44 5
37 4
17 7
44 8
32 2
11 4
23 1
3 9
16 8
7 8
24 7
49 5
16 9
3 5
32 10
22 10
45 10
19 2
44 1
10 3
42 7
3 5
7 2
22 7
12 9
46 1
35 3
6 9
50 1
3 9
32 10
8 7
37 2
48 3
44 2
13 3
34 10
30 2
34 1
25 4
10 9
49 3
44 8
13 10
19 7
25 2
38 7
47 10
28 6
46 5
3 6
41 1
15 6
14 8
7 3
42 6
7 4
27 2
8 1
50 2
13 4
15 9
24 7
17 2
46 2
48 2
32 9
24 2
32 4
41 10
34 3
35 5
29 2
10 4
8 10
19 5
37 4
49 3
31 1
50 7
9 5
24 3
16 7
46 8
27 5
11 5
14 5
48 10
28 6
5 6
17 7
1 2
48 3
5 3
18 4
20 5
50 6
6 1
14 5
5 7
11 1
7 5
39 6
25 10
25 1
22 5
15 5
9 4
50 6
41 1
7 6
38 10
35 7
46 10
9 3
14 3
21 10
49 10
4 5
43 5
35 2
37 9
3 6
23 5
9 6
31 8
34 10
12 3
39 9
26 10
8 7
1 1
34 9
33 4
32 6
40 9
28 2
20 4
28 4
38 9
34 6
16 6
8 6
49 10
12 3
26 5
10 4
12 6
21 3
8 5
16 7
8 8
32 1
47 1
21 5
32 8
3 2
32 7
27 7
6 3
30 9
10 1
17 1
39 6
21 6
36 10
27 5
3 5
50 5
21 8
27 4
15 5
21 10
3 2
14 8
5 3
20 4
8 6
10 2
10 7
3 7
31 5
42 1
13 4
44 3
44 1
43 2
11 7
33 6
47 3
16 7
50 9
25 3
48 10
7 2
31 7
5 3
19 10
26 10
8 3
27 8
5 1
26 3
44 6
6 10
34 8
4 5
10 3
21 8
7 9
35 8
44 9
42 10
28 1
5 1
40 7
42 3
37 6
39 2
7 8
1 4
14 2
5 7
4 1
28 2
43 9
14 8
6 2
18 5
17 7
26 10
29 7
4 2
40 8
5 4
36 7
1 6
7 7
38 5
36 6
23 9
16 4
32 1
34 7
31 5
25 8
46 3
42 5
18 9
47 6
18 1
2 10
15 8
42 1
46 1
35 6
24 8
48 5
37 7
38 9
12 2
46 2
28 5
43 7
29 4
25 9
47 4
12 9
21 6
1 9
29 10
21 5
4 4
31 5
22 1
17 5
26 5
1 8
41 3
50 2
26 3
37 9
17 7
30 4
10 1
50 7
26 1
38 1
48 5
2 2
47 10
7 8
20 3
28 3
28 9
9 10
3 6
44 6
13 5
28 10
27 10
17 10
4 7
20 5
9 4
14 10
50 2
26 1
21 4
13 1
28 10
34 9
9 8
44 4
8 9
38 3
25 2
46 2
32 5
43 10
2 7
39 6
43 2
24 9
43 6
12 2
29 9
3 5
4 2
30 9
17 1
10 8
15 1
15 7
25 7
37 10
46 9
12 6
27 10
1 8
40 10
7 3
16 6
44 3
37 7
30 8
29 2
8 7
48 5
18 2
18 3
46 3
22 3
49 2
26 1
36 10
46 9
50 8
12 4
50 1
48 5
16 10
8 6
46 4
15 1
29 3
38 2
29 5
12 1
18 1
10 10
9 3
10 7
41 9
46 9
47 7
19 8
16 1
21 2
39 8
15 2
38 8
36 1
10 5
11 10
35 3
17 6
49 8
29 1
29 4
25 10
42 3
18 3
34 9
31 7
13 5
5 6
38 2
37 10
49 2
50 9
14 6
28 9
3 6
4 4
44 6
8 6
27 3
42 3
12 1
3 7
12 6
33 8
49 10
23 2
16 5
4 8
17 3
47 5
11 9
44 9
50 8
50 3
23 2
11 5
18 9
16 5
48 9
34 5
25 2
1 10
3 1
20 3
26 2
37 2
3 9
49 6
41 2
44 4
2 7
32 8
8 7
33 2
11 4
37 9
4 6
34 4
44 9
3 2
50 10
18 6
33 6
41 1
13 10
39 2
1 7
24 10
1 6
45 6
9 8
11 5
36 6
41 5
45 10
16 4
1 9
17 3
45 1
35 6
42 6
27 7
22 6
27 7
47 6
49 6
32 3
33 2
41 6
19 6
23 5
45 1
20 7
17 7
26 2
19 7
38 3
39 3
34 4
7 6
48 9
48 5
21 9
34 8
19 9
35 1
13 9
49 1
50 3
25 8
32 3
22 4
42 4
48 2
5 6
17 8
36 8
6 5
10 5
7 6
37 6
34 3
49 8
30 3
15 1
8 6
33 5
13 8
43 5
33 1
50 4
40 3
27 10
22 7
4 10
50 3
7 7
14 1
30 10
29 4
37 5
21 4
16 5
1 2
49 8
15 4
35 10
10 10
17 3
9 7
8 1
16 7
43 10
48 3
20 7
28 4
5 2
29 3
49 3
39 7
31 9
21 9
40 1
37 2
36 9
14 2
2 1
20 8
43 7
19 3
33 6
50 7
6 8
50 5
33 7
49 9
41 2
2 3
45 9
42 3
31 6
48 5
42 9
13 1
35 5
48 6
15 6
26 4
10 9
13 1
3 4
30 4
1 2
2 9
30 5
33 7
44 10
38 10
23 2
8 5
45 5
48 1
44 3
42 5
36 2
3 10
5 8
38 9
13 4
50 1
4 1
41 1
19 8
43 2
26 5
36 9
1 9
38 7
31 5
25 10
2 4
11 4
38 5
4 9
42 6
6 5
12 7
23 2
47 7
25 10
35 7
8 4
43 7
11 8
34 8
27 3
24 3
38 10
32 9
46 9
6 4
49 6
12 10
26 5
38 5
35 8
45 6
21 4
13 3
3 4
14 9
43 7
34 5
41 4
50 5
27 1
2 3
1 2
45 2
5 3
16 10
20 10
34 2
16 1
34 4
21 1
10 1
37 7
30 10
1 5
2 10
14 1
47 1
42 3
35 5
6 4
33 1
29 5
12 1
25 4
28 6
13 3
44 6
50 9
26 4
6 6
16 10
32 5
35 2
4 5
6 8
30 10
46 2
39 2
7 10
31 8
32 7
4 4
24 8
31 1
34 5
1 5
16 9
50 9
30 7
50 1
10 4
3 4
41 7
29 8
43 3
33 9
35 4
40 4
18 5
33 9
33 7
4 3
30 9
6 1
26 2
28 3
35 7
27 1
38 3
10 4
12 4
48 6
36 6
24 3
48 5
35 2
15 4
28 1
28 1
47 1
15 6
15 2
1 5
23 1
6 8
9 2
2 6
19 2
22 1
19 3
33 7
25 6
24 8
39 5
2 7
28 9
41 7
8 5
